date,open,high,low,close,volume
2010-11-23,35.1,51.98,32.7,39.16,27732682.0
2010-11-24,35.24,37.86,35.24,35.28,19322156.0
2010-11-25,35.82,38.81,35.38,38.81,16557794.0
2010-11-26,37.68,42.69,37.5,42.69,18414134.0
2010-11-29,42.79,46.18,41.69,44.27,14653228.0
2010-11-30,43.3,46.6,42.01,44.3,13691223.0
2010-12-01,43.0,47.0,42.88,46.46,11737494.0
2010-12-02,46.85,47.8,44.44,45.05,9836095.0
2010-12-03,44.1,44.4,40.6,40.81,10372287.0
2010-12-06,40.12,42.0,39.49,40.7,6694523.0
2010-12-07,40.5,40.5,37.51,39.18,6915332.0
2010-12-08,38.9,40.6,38.75,39.2,4919080.0
2010-12-09,38.7,38.7,36.63,36.86,5326157.0
2010-12-10,37.5,38.6,36.88,38.28,4327794.0
2010-12-13,38.67,40.29,37.75,39.52,5871152.0
2010-12-14,39.45,43.47,38.8,42.72,9813732.0
2010-12-15,42.04,43.4,40.8,41.1,7710864.0
2010-12-16,41.1,42.58,40.7,41.43,4382084.0
2010-12-17,41.0,41.75,40.79,41.0,3060499.0
2010-12-20,40.95,41.49,37.8,39.33,4083263.0
2010-12-21,39.18,39.66,38.61,39.4,2583544.0
2010-12-22,39.51,41.24,38.89,40.54,3704790.0
2010-12-23,40.1,42.4,39.92,41.95,6211275.0
2010-12-24,41.55,42.15,38.79,38.8,4409710.0
2010-12-27,39.06,39.5,36.75,37.38,3199202.0
2010-12-28,37.1,37.35,35.38,36.38,2040799.0
2010-12-29,36.5,37.66,36.05,37.51,1645315.0
2010-12-30,38.0,38.0,36.56,37.0,1651072.0
2010-12-31,36.85,37.55,36.7,37.35,1646869.0
2011-01-04,37.8,38.36,37.36,37.97,2056873.0
2011-01-05,37.71,37.78,36.95,37.02,2096250.0
2011-01-06,37.05,37.15,35.9,36.01,2109524.0
2011-01-07,35.73,36.8,35.7,36.06,1451452.0
2011-01-10,36.01,36.71,35.5,35.65,1166197.0
2011-01-11,35.55,36.2,33.6,34.32,1966175.0
2011-01-12,34.33,34.96,34.0,34.67,947795.0
2011-01-13,34.8,34.99,34.17,34.22,835875.0
2011-01-14,34.18,34.2,32.62,32.71,1372441.0
2011-01-17,33.0,34.35,32.9,33.3,1862561.0
2011-01-18,33.0,35.94,33.0,35.21,3464882.0
2011-01-19,35.1,35.4,34.23,35.31,2324904.0
2011-01-20,34.85,35.2,33.0,33.03,2059034.0
2011-01-21,32.76,34.0,32.75,33.45,1305343.0
2011-01-24,33.46,34.95,33.46,34.1,1866441.0
2011-01-25,33.7,33.97,31.7,32.61,1480433.0
2011-01-26,32.48,34.2,32.1,33.34,1251160.0
2011-01-27,32.98,34.2,32.5,34.04,1565116.0
2011-01-28,33.86,33.97,33.2,33.8,1217969.0
2011-01-31,33.59,34.3,33.4,33.82,1177228.0
2011-02-01,33.89,34.2,33.53,33.93,804144.0
2011-02-09,33.61,33.96,32.55,32.7,1335728.0
2011-02-10,32.71,34.79,32.35,34.62,1879625.0
2011-02-11,34.13,35.0,34.13,34.8,2252219.0
2011-02-14,34.54,35.8,34.54,35.51,2631234.0
2011-02-15,35.51,36.0,34.95,35.18,2280155.0
2011-02-16,35.19,36.49,35.12,36.12,2441859.0
2011-02-17,36.14,36.32,35.38,35.98,2073802.0
2011-02-18,35.7,35.7,34.9,34.91,1871620.0
2011-02-21,34.5,35.56,34.5,35.49,1589846.0
2011-02-22,35.49,35.49,33.43,33.53,2080122.0
2011-02-23,33.45,33.97,33.02,33.57,2836068.0
2011-02-24,33.55,34.0,33.2,33.93,2262695.0
2011-02-25,33.8,33.87,33.12,33.47,1527234.0
2011-02-28,33.5,34.79,33.5,34.7,2264153.0
2011-03-01,35.0,36.4,35.0,35.53,3709652.0
2011-03-02,35.15,35.54,34.79,35.3,2009520.0
2011-03-03,35.31,35.89,34.38,34.59,1963288.0
2011-03-04,34.65,35.4,34.6,35.36,1542440.0
2011-03-07,35.7,35.78,34.94,35.45,2284541.0
2011-03-08,35.43,35.43,34.88,35.09,1523899.0
2011-03-09,35.09,35.99,34.9,35.87,2536372.0
2011-03-10,35.83,36.5,35.4,35.44,2206036.0
2011-03-11,35.2,35.55,34.74,34.8,1843452.0
2011-03-14,34.6,35.15,34.3,35.05,1400685.0
2011-03-15,35.08,35.16,33.03,34.34,2081752.0
2011-03-16,34.2,34.77,34.14,34.45,1386907.0
2011-03-17,34.08,34.5,33.51,33.77,1306835.0
2011-03-18,34.2,34.3,33.68,33.87,868896.0
2011-03-21,33.85,33.99,33.29,33.46,983286.0
2011-03-22,33.55,33.78,33.1,33.69,783827.0
2011-03-23,33.7,34.24,33.61,33.98,1065977.0
2011-03-24,33.92,34.14,33.7,33.76,951438.0
2011-03-25,33.98,33.98,33.48,33.8,1011263.0
2011-03-28,33.8,33.97,33.14,33.19,1561797.0
2011-03-29,33.1,33.1,31.95,32.0,1968579.0
2011-03-30,32.12,32.4,31.98,32.03,876316.0
2011-03-31,32.05,32.5,32.05,32.32,862107.0
2011-04-01,32.2,32.39,31.81,32.27,783482.0
2011-04-06,32.21,32.75,32.21,32.68,1151159.0
2011-04-07,32.74,33.7,32.74,33.55,2026106.0
2011-04-08,33.58,33.76,33.16,33.51,1277935.0
2011-04-11,33.65,33.8,32.74,32.75,1695282.0
2011-04-12,32.75,32.75,32.21,32.47,778833.0
2011-04-13,32.18,33.0,32.18,32.95,669236.0
2011-04-14,33.0,33.28,32.7,33.11,885780.0
2011-04-15,33.11,33.26,32.68,32.93,622730.0
2011-04-18,32.93,33.16,32.69,33.05,622850.0
2011-04-19,33.0,33.69,32.71,33.28,1670287.0
2011-04-20,33.31,33.64,32.75,33.23,1138114.0
2011-04-21,33.28,33.49,32.9,33.48,1190866.0
2011-04-22,33.58,33.85,33.32,33.5,1349858.0
2011-04-25,33.4,33.5,32.48,32.54,1117304.0
2011-04-26,32.4,32.57,32.18,32.44,555932.0
2011-04-27,32.4,32.74,31.72,31.88,679778.0
2011-04-29,30.99,30.99,29.21,30.16,1209575.0
2011-05-03,30.15,30.27,29.66,30.2,479767.0
2011-05-04,29.99,29.99,28.8,28.89,741473.0
2011-05-05,28.86,29.08,28.38,28.87,521634.0
2011-05-06,28.98,31.2,28.82,30.5,1865623.0
2011-05-09,30.5,31.16,30.22,30.85,1009828.0
2011-05-10,30.66,30.98,30.38,30.76,476957.0
2011-05-11,30.85,31.57,30.42,31.37,950847.0
2011-05-12,31.28,31.5,30.45,30.45,950126.0
2011-05-13,30.06,30.52,29.25,29.81,812900.0
2011-05-16,29.77,29.88,29.22,29.25,813998.0
2011-05-17,29.26,29.54,28.91,29.46,996467.0
2011-05-18,29.46,29.57,29.15,29.41,489231.0
2011-05-19,29.54,29.54,27.49,28.55,1121512.0
2011-05-20,28.46,28.46,27.79,27.79,1025399.0
2011-05-23,27.79,27.79,26.34,26.37,1505225.0
2011-05-24,26.36,26.97,26.19,26.76,827464.0
2011-05-25,26.7,26.97,25.85,25.89,778629.0
2011-05-26,25.85,26.24,25.73,25.85,604245.0
2011-05-27,25.85,25.97,24.95,24.97,930460.0
2011-05-30,24.89,25.53,24.89,25.19,978753.0
2011-05-31,25.19,26.0,24.92,25.97,1001841.0
2011-06-01,25.97,26.1,25.56,25.97,840058.0
2011-06-02,25.69,25.82,25.05,25.42,1040002.0
2011-06-03,25.27,26.66,25.27,26.32,1362181.0
2011-06-07,26.18,26.55,26.02,26.27,826851.0
2011-06-08,26.37,26.39,25.76,26.06,732382.0
2011-06-09,26.06,26.13,24.97,25.06,937770.0
2011-06-10,25.06,25.26,24.76,25.14,567053.0
2011-06-13,25.01,25.35,24.77,25.16,534292.0
2011-06-14,25.21,25.58,25.21,25.58,700783.0
2011-06-15,25.55,26.02,25.29,25.34,913641.0
2011-06-16,25.1,25.1,24.53,24.64,651118.0
2011-06-17,24.66,24.82,24.47,24.48,474548.0
2011-06-20,24.55,24.72,24.08,24.38,652150.0
2011-06-21,24.56,25.16,24.29,24.9,727705.0
2011-06-22,24.89,25.03,24.4,24.56,534823.0
2011-06-23,24.61,27.02,24.42,26.05,2966039.0
2011-06-24,25.56,27.15,25.56,26.82,3673778.0
2011-06-27,26.7,28.89,26.68,28.1,4650311.0
2011-06-28,28.26,28.26,27.54,27.91,2080222.0
2011-06-29,27.86,28.34,27.6,27.65,1452741.0
2011-06-30,27.6,28.33,27.55,27.94,1924417.0
2011-07-01,27.99,28.26,27.63,27.81,1278986.0
2011-07-04,27.87,28.84,27.87,28.59,2081381.0
2011-07-05,28.52,28.68,28.17,28.54,1240491.0
2011-07-06,28.47,29.17,27.97,29.07,1789859.0
2011-07-07,28.92,30.06,28.67,29.25,3097811.0
2011-07-08,29.09,29.49,28.62,29.04,1184244.0
2011-07-11,28.84,29.18,28.44,28.92,1057059.0
2011-07-12,28.62,28.83,27.81,27.91,1352765.0
2011-07-13,28.1,28.84,27.94,28.71,1109383.0
2011-07-14,28.47,29.57,28.47,29.39,1899657.0
2011-07-15,29.62,30.7,29.43,30.36,3195355.0
2011-07-18,30.35,30.46,29.73,29.96,1752642.0
2011-07-19,29.89,29.89,29.3,29.44,1108839.0
2011-07-20,29.6,30.02,29.04,29.41,1453514.0
2011-07-21,29.52,29.67,28.38,28.44,1564383.0
2011-07-22,28.46,28.76,28.36,28.5,843110.0
2011-07-25,28.04,28.55,26.52,26.61,1654390.0
2011-07-26,26.7,27.28,26.68,27.13,1262324.0
2011-07-27,27.12,28.08,26.68,27.94,1230364.0
2011-07-28,27.49,30.67,27.49,29.51,3920953.0
2011-07-29,29.41,30.14,29.12,29.44,2981769.0
2011-08-01,29.44,29.98,28.78,29.65,2049022.0
2011-08-02,29.7,30.04,28.78,30.04,2008789.0
2011-08-03,29.65,30.86,29.28,30.38,3639125.0
2011-08-04,30.1,30.51,29.38,29.54,2385979.0
2011-08-05,28.28,28.97,27.5,28.5,1769207.0
2011-08-08,28.1,28.26,25.92,26.66,2101636.0
2011-08-09,25.85,27.58,25.42,27.58,2069341.0
2011-08-10,28.08,28.92,27.57,28.92,3180169.0
2011-08-11,28.2,29.85,28.07,29.67,4131294.0
2011-08-12,29.91,30.35,29.18,30.14,3434550.0
2011-08-15,29.73,31.19,29.73,31.14,4666542.0
2011-08-16,31.3,31.3,30.28,30.43,3876082.0
2011-08-17,30.49,30.93,30.3,30.41,2654802.0
2011-08-19,29.54,30.04,28.96,29.94,3316929.0
2011-08-22,29.33,31.45,29.33,31.03,5099650.0
2011-08-23,31.17,32.0,30.86,31.93,4992116.0
2011-08-24,31.83,32.53,31.19,31.49,3676026.0
2011-08-25,31.2,32.16,30.88,31.75,3474900.0
2011-08-26,31.59,32.16,31.2,31.83,2329571.0
2011-08-29,32.77,32.77,31.35,31.79,6446957.0
2011-08-30,32.14,33.71,31.4,32.79,11658606.0
2011-08-31,33.27,33.85,32.19,33.29,10747670.0
2011-09-01,33.51,34.23,32.16,32.22,10915257.0
2011-09-02,31.83,31.83,29.57,30.23,5598282.0
2011-09-05,29.39,29.85,28.92,29.07,2608663.0
2011-09-06,28.91,29.46,28.7,29.25,1684589.0
2011-09-07,29.54,29.94,29.26,29.78,2026135.0
2011-09-08,30.36,30.36,29.1,29.1,2050212.0
2011-09-09,29.01,29.57,27.71,28.17,2215785.0
2011-09-13,27.81,27.83,26.95,27.55,1668965.0
2011-09-14,27.75,28.28,27.28,28.18,1495829.0
2011-09-15,28.46,28.81,28.1,28.33,1613389.0
2011-09-16,28.59,28.59,28.15,28.41,1072560.0
2011-09-19,28.41,28.41,27.23,27.23,1177930.0
2011-09-20,27.21,27.66,27.08,27.31,1066543.0
2011-09-21,27.18,28.63,27.18,28.44,2133123.0
2011-09-22,28.04,28.44,27.41,27.47,1387574.0
2011-09-23,26.99,27.42,26.76,27.03,995872.0
2011-09-26,26.99,27.39,26.23,26.34,1005258.0
2011-09-27,26.53,26.82,26.37,26.6,647629.0
2011-09-28,26.79,27.2,26.02,26.08,771313.0
2011-09-29,25.89,26.13,24.89,24.9,900409.0
2011-09-30,24.93,25.42,24.53,24.56,641783.0
2011-10-10,24.72,25.05,24.48,24.56,722469.0
2011-10-11,25.27,25.43,24.47,24.61,762787.0
2011-10-12,24.61,25.68,24.08,25.61,1114033.0
2011-10-13,25.61,26.29,25.47,26.02,1244909.0
2011-10-14,25.85,26.32,25.66,25.9,907599.0
2011-10-17,25.98,26.37,25.52,25.64,1405265.0
2011-10-18,25.64,25.77,24.92,24.95,900719.0
2011-10-19,25.03,25.27,24.76,24.87,524500.0
2011-10-20,24.85,24.85,24.0,24.16,945000.0
2011-10-21,24.32,24.48,24.0,24.19,519928.0
2011-10-24,24.38,25.19,24.0,25.14,1175304.0
2011-10-25,25.1,25.79,24.71,25.66,1502982.0
2011-10-26,25.37,26.02,25.29,25.68,1691544.0
2011-10-27,25.73,25.84,25.39,25.5,965833.0
2011-10-28,25.77,26.06,25.6,26.02,1557299.0
2011-10-31,26.15,26.15,25.69,26.03,1186326.0
2011-11-01,25.84,26.11,25.5,25.85,1368843.0
2011-11-02,25.5,26.34,25.27,26.34,2016867.0
2011-11-03,26.68,27.36,26.61,26.61,3104023.0
2011-11-04,26.74,27.05,26.39,26.97,1811318.0
2011-11-07,26.94,26.97,26.57,26.57,1131354.0
2011-11-08,26.66,26.66,26.08,26.16,1122253.0
2011-11-09,26.19,26.66,26.05,26.66,1030793.0
2011-11-10,26.57,26.57,26.0,26.03,1098974.0
2011-11-11,25.97,26.34,25.94,26.02,601081.0
2011-11-14,26.26,26.81,26.23,26.79,1553327.0
2011-11-15,26.63,27.08,26.5,27.05,1421539.0
2011-11-16,26.99,27.2,26.02,26.1,1456731.0
2011-11-17,25.95,26.42,25.95,26.16,794633.0
2011-11-18,25.98,26.13,24.69,24.79,1334507.0
2011-11-21,24.89,25.03,24.48,24.98,547176.0
2011-11-22,24.68,24.97,24.38,24.82,705647.0
2011-11-23,24.85,25.01,24.59,24.74,543105.0
2011-11-24,24.64,24.98,24.29,24.98,567590.0
2011-11-25,24.79,25.0,24.58,24.66,439840.0
2011-11-28,24.66,24.97,24.53,24.8,344777.0
2011-11-29,25.21,25.21,24.9,25.1,718382.0
2011-11-30,25.1,25.16,23.46,23.59,1172132.0
2011-12-01,24.55,24.55,23.95,23.95,1228167.0
2011-12-02,23.8,24.17,23.53,23.69,749521.0
2011-12-05,23.59,24.24,23.4,24.24,1022252.0
2011-12-06,23.93,24.77,23.93,24.76,988056.0
2011-12-07,24.64,24.95,24.45,24.79,886328.0
2011-12-08,24.74,25.11,24.4,24.72,823627.0
2011-12-09,24.43,24.84,24.43,24.84,875539.0
2011-12-12,24.84,24.97,24.48,24.71,670433.0
2011-12-13,24.43,24.8,23.54,24.8,1126889.0
2011-12-14,24.48,24.98,24.47,24.85,821547.0
2011-12-15,24.64,25.21,23.56,25.21,1831375.0
2011-12-16,24.77,26.15,24.64,26.15,1854886.0
2011-12-19,26.02,26.1,25.05,26.1,2302195.0
2011-12-20,25.82,26.15,25.19,25.68,1916191.0
2011-12-21,25.55,25.81,24.72,25.13,1592862.0
2011-12-22,24.56,24.77,23.19,24.69,2038077.0
2011-12-23,24.22,25.03,24.08,24.98,1384880.0
2011-12-26,24.69,25.01,24.58,24.98,819438.0
2011-12-27,24.72,24.98,23.92,24.87,1075967.0
2011-12-28,24.72,25.29,24.29,25.22,930951.0
2011-12-29,25.21,25.77,25.06,25.76,1401194.0
2011-12-30,25.77,26.02,25.47,25.9,1256020.0
2012-01-04,26.16,26.31,25.05,25.56,1154183.0
2012-01-05,25.31,25.39,23.92,24.64,1279868.0
2012-01-06,24.32,25.66,23.93,25.66,1040810.0
2012-01-09,25.61,26.74,25.4,26.61,2641404.0
2012-01-10,26.47,27.45,26.21,27.41,3682474.0
2012-01-11,27.21,27.28,26.6,27.18,2769285.0
2012-01-12,26.82,27.21,26.63,27.03,2247216.0
2012-01-13,27.02,27.15,26.0,26.58,1745624.0
2012-01-16,26.18,26.32,25.66,26.26,1074802.0
2012-01-17,26.15,27.36,26.02,27.23,2901815.0
2012-01-18,27.24,27.29,26.36,26.78,1993899.0
2012-01-19,26.78,27.08,26.21,27.0,1586693.0
2012-01-20,27.12,27.44,26.99,27.24,2025091.0
2012-01-30,27.31,27.39,26.42,26.5,1258650.0
2012-01-31,26.34,26.48,25.53,25.92,1394727.0
2012-02-01,25.79,25.95,24.77,24.89,1292417.0
2012-02-02,24.76,25.45,24.59,25.45,1361077.0
2012-02-03,25.35,25.74,25.05,25.58,1727617.0
2012-02-06,25.6,25.6,25.13,25.55,1704143.0
2012-02-07,25.37,25.37,24.82,25.21,1120909.0
2012-02-08,25.03,25.81,25.03,25.81,1990388.0
2012-02-09,25.84,26.26,25.55,26.06,2503731.0
2012-02-10,25.98,26.18,25.61,26.13,2340606.0
2012-02-13,25.97,26.57,25.71,26.47,2157080.0
2012-02-14,26.47,26.61,26.13,26.42,1389957.0
2012-02-15,26.06,26.91,26.03,26.86,2535097.0
2012-02-16,26.74,27.02,26.18,26.4,2332611.0
2012-02-17,26.39,26.57,26.02,26.31,1339362.0
2012-02-20,26.48,26.94,26.36,26.74,2457862.0
2012-02-21,26.7,27.79,26.42,27.75,6015674.0
2012-02-22,27.75,27.94,27.54,27.7,5681030.0
2012-02-23,27.58,28.21,27.31,27.62,3764100.0
2012-02-24,27.62,27.79,27.39,27.71,2925576.0
2012-02-27,27.65,28.1,27.08,27.34,7546301.0
2012-02-28,27.1,27.21,26.6,26.87,3478908.0
2012-02-29,26.81,27.08,26.58,26.66,2228379.0
2012-03-01,26.5,26.91,26.5,26.7,1350538.0
2012-03-02,26.7,27.29,26.7,27.23,2183830.0
2012-03-05,27.16,27.89,27.16,27.41,3418018.0
2012-03-06,27.31,27.42,26.5,26.58,3483151.0
2012-03-07,26.21,26.82,25.95,26.08,3134392.0
2012-03-08,26.13,26.66,26.13,26.26,2399021.0
2012-03-09,26.45,26.94,26.45,26.92,2604972.0
2012-03-12,26.97,27.75,26.84,27.63,4237434.0
2012-03-13,27.49,29.73,27.49,29.01,9332091.0
2012-03-14,28.88,29.22,27.44,27.84,7489742.0
2012-03-15,27.96,29.14,27.96,28.97,7433968.0
2012-03-16,28.76,30.14,28.76,29.94,7336682.0
2012-03-19,29.98,30.35,29.49,30.1,5736216.0
2012-03-20,29.86,29.86,29.1,29.23,3589030.0
2012-03-21,29.35,29.57,28.44,28.68,3383327.0
2012-03-22,28.68,29.57,28.46,29.09,2701384.0
2012-03-23,28.97,28.99,28.21,28.73,2014403.0
2012-03-26,28.57,29.72,28.41,29.46,3843324.0
2012-03-27,29.57,30.14,28.76,28.84,3532041.0
2012-03-28,28.52,28.8,27.18,27.31,3411228.0
2012-03-29,27.37,28.1,26.23,27.79,2795172.0
2012-03-30,27.71,28.04,27.16,27.5,1455539.0
2012-04-05,27.78,28.36,27.29,28.29,2744897.0
2012-04-06,28.28,28.55,27.96,28.44,2431250.0
2012-04-09,28.38,28.38,27.31,27.31,1853576.0
2012-04-11,27.44,28.59,27.29,28.29,2825477.0
2012-04-12,28.15,28.89,28.15,28.7,2679974.0
2012-04-13,28.88,29.46,28.44,28.57,2660180.0
2012-04-16,28.44,28.59,28.13,28.49,1717308.0
2012-04-17,28.42,28.65,27.81,27.84,1475755.0
2012-04-18,27.87,28.86,27.87,28.78,2071495.0
2012-04-19,28.75,29.18,28.55,28.91,1724671.0
2012-04-20,28.91,29.28,28.63,28.76,2037263.0
2012-04-23,28.78,29.14,27.79,28.02,2016118.0
2012-04-24,27.87,28.36,26.79,27.79,1866254.0
2012-04-25,27.62,28.26,27.57,28.07,1291813.0
2012-04-26,28.22,28.22,27.14,27.38,1581808.0
2012-04-27,27.38,27.69,27.1,27.35,1216066.0
2012-05-02,27.81,28.02,27.46,27.73,1594041.0
2012-05-03,27.73,27.76,27.28,27.58,1198770.0
2012-05-04,27.63,28.05,27.58,27.94,1576105.0
2012-05-07,27.82,28.61,27.63,28.53,2167280.0
2012-05-08,28.48,28.61,28.17,28.36,1197454.0
2012-05-09,27.99,28.43,27.81,27.95,1518889.0
2012-05-10,27.95,28.3,27.64,27.76,1036481.0
2012-05-11,27.77,27.87,27.23,27.23,1328846.0
2012-05-14,27.32,27.73,27.19,27.23,873682.0
2012-05-15,27.23,27.76,27.14,27.46,1427494.0
2012-05-16,27.38,27.61,26.74,26.78,1449159.0
2012-05-17,26.78,27.14,26.4,26.97,1595357.0
2012-05-18,26.79,26.89,25.99,26.43,2011596.0
2012-05-21,26.3,26.61,26.09,26.32,805536.0
2012-05-22,26.35,26.78,26.35,26.68,791049.0
2012-05-23,26.68,27.45,26.68,27.3,1777864.0
2012-05-24,27.25,27.68,27.02,27.1,1408276.0
2012-05-25,27.07,27.28,26.42,26.52,843194.0
2012-05-28,26.45,26.84,24.86,26.74,1091637.0
2012-05-29,26.56,27.14,26.56,27.04,1028822.0
2012-05-30,27.14,27.71,27.04,27.3,1190883.0
2012-05-31,27.15,28.44,27.05,28.05,3131689.0
2012-06-01,28.38,28.44,28.07,28.33,2073882.0
2012-06-04,28.0,29.16,27.79,28.13,2302953.0
2012-06-05,28.12,28.43,28.07,28.25,913667.0
2012-06-06,28.28,28.44,28.07,28.15,1170521.0
2012-06-07,28.18,28.93,28.18,28.61,1504984.0
2012-06-08,28.87,28.87,27.95,28.38,1076530.0
2012-06-11,28.22,28.64,27.79,28.61,1049165.0
2012-06-12,28.48,28.62,28.12,28.43,684806.0
2012-06-13,28.28,29.08,28.2,29.02,2284487.0
2012-06-14,28.84,29.43,28.77,29.02,1782318.0
2012-06-15,28.71,29.34,28.71,29.13,841136.0
2012-06-18,29.02,29.51,29.02,29.33,1299898.0
2012-06-19,28.8,29.43,28.77,29.39,1163960.0
2012-06-20,29.23,29.43,29.05,29.25,921136.0
2012-06-21,29.11,29.33,28.62,29.18,2607692.0
2012-06-25,28.84,29.1,28.49,28.69,843438.0
2012-06-26,28.53,29.23,28.28,28.66,1518077.0
2012-06-27,28.66,29.18,28.46,28.76,670114.0
2012-06-28,28.64,29.07,28.46,28.46,495618.0
2012-06-29,28.46,29.03,28.23,28.92,486497.0
2012-07-02,29.07,29.83,28.8,29.79,3459000.0
2012-07-03,29.67,30.0,29.31,29.31,2248115.0
2012-07-04,29.39,29.46,28.58,28.76,1721698.0
2012-07-05,28.44,28.74,28.23,28.38,1921384.0
2012-07-06,28.43,29.36,28.25,29.23,1792608.0
2012-07-09,28.98,29.61,28.53,28.9,3479444.0
2012-07-10,28.61,29.2,28.54,28.93,2113373.0
2012-07-11,28.61,29.11,28.56,29.02,2873858.0
2012-07-12,28.97,29.28,28.62,28.9,1623687.0
2012-07-13,28.74,28.9,27.99,28.13,3441273.0
2012-07-16,28.12,28.53,27.38,28.15,6000961.0
2012-07-17,28.12,28.53,27.79,28.28,2724789.0
2012-07-18,28.28,28.66,28.13,28.44,4997302.0
2012-07-19,28.43,29.25,28.38,29.11,6740213.0
2012-07-20,28.98,29.52,28.85,29.07,4704481.0
2012-07-23,29.07,29.51,28.72,29.39,6837718.0
2012-07-24,29.39,29.57,29.1,29.18,3919299.0
2012-07-25,29.1,29.8,28.93,28.93,4359830.0
2012-07-26,28.93,29.07,28.15,28.23,3596195.0
2012-07-27,28.54,29.07,28.53,28.69,6037146.0
2012-07-30,28.48,29.1,27.97,28.31,5082138.0
2012-07-31,28.23,28.79,27.43,27.56,4842241.0
2012-08-01,27.56,27.79,27.09,27.76,1504807.0
2012-08-02,27.58,27.92,27.1,27.1,1200270.0
2012-08-03,27.1,27.4,26.86,27.38,1043439.0
2012-08-06,27.4,28.26,27.27,28.13,2197292.0
2012-08-07,28.13,28.38,27.95,28.2,1337564.0
2012-08-08,28.35,28.69,27.95,28.59,1728639.0
2012-08-09,28.53,29.43,28.43,28.71,3728626.0
2012-08-10,28.74,30.24,28.51,29.43,3736198.0
2012-08-13,29.59,29.92,28.79,29.03,1755381.0
2012-08-14,29.03,30.06,28.74,30.05,2438608.0
2012-08-15,30.24,31.91,29.75,31.08,11872837.0
2012-08-16,31.7,31.78,30.57,31.16,10410308.0
2012-08-17,31.14,31.14,29.92,30.41,7481980.0
2012-08-20,30.42,30.7,30.1,30.55,11306291.0
2012-08-21,30.62,31.04,30.08,30.65,10847257.0
2012-08-22,30.39,30.77,30.26,30.57,4965549.0
2012-08-23,30.65,30.7,30.44,30.55,4383336.0
2012-08-24,30.75,30.75,29.67,30.24,2602229.0
2012-08-27,30.24,30.77,29.59,30.5,8551862.0
2012-08-28,30.57,31.32,29.92,31.29,10007177.0
2012-08-29,31.29,32.19,30.73,31.7,12574475.0
2012-08-30,32.01,32.02,30.26,31.42,10821779.0
2012-08-31,30.73,31.8,30.49,31.44,12764256.0
2012-09-03,31.55,32.16,30.81,31.99,14407882.0
2012-09-04,32.17,32.32,31.22,31.94,15353717.0
2012-09-05,31.75,32.52,31.29,31.88,14450952.0
2012-09-06,31.88,32.14,31.47,31.84,13076923.0
2012-09-07,31.88,33.51,31.04,31.78,20642780.0
2012-09-10,31.06,31.55,29.93,30.29,15707492.0
2012-09-11,30.19,30.65,29.67,30.47,10219983.0
2012-09-12,30.47,30.52,29.39,29.67,9494887.0
2012-09-13,29.67,30.06,29.59,29.64,4543761.0
2012-09-14,29.82,29.87,29.28,29.61,3356183.0
2012-09-17,29.64,29.92,29.43,29.43,3202760.0
2012-09-18,29.39,29.39,28.95,28.98,2580041.0
2012-09-19,28.98,29.29,28.85,29.26,2505730.0
2012-09-20,29.23,29.54,27.82,27.82,3505410.0
2012-09-21,27.84,28.12,27.66,27.95,2086666.0
2012-09-24,27.79,28.54,27.64,28.51,2483813.0
2012-09-25,28.38,28.71,28.2,28.2,1323644.0
2012-09-26,28.13,28.43,27.76,27.81,1616385.0
2012-09-27,27.95,28.44,27.66,28.25,1592220.0
2012-09-28,28.12,28.74,28.05,28.62,1802380.0
2012-10-08,28.72,28.93,28.44,28.76,1294904.0
2012-10-09,28.77,29.16,28.74,29.1,1509691.0
2012-10-10,29.1,29.44,29.02,29.34,1948102.0
2012-10-11,28.85,29.61,28.85,29.26,2308050.0
2012-10-12,29.08,29.49,28.9,29.0,1157825.0
2012-10-15,29.08,29.39,28.93,29.28,1458541.0
2012-10-16,29.39,29.56,29.13,29.46,1375721.0
2012-10-17,29.47,29.51,28.95,28.97,1068333.0
2012-10-18,28.97,29.31,28.92,29.07,2552745.0
2012-10-19,29.08,29.18,28.82,29.16,1658408.0
2012-10-22,29.16,29.16,28.62,28.93,897979.0
2012-10-23,28.93,28.95,28.64,28.9,1061092.0
2012-10-24,28.8,28.8,27.56,27.86,1948145.0
2012-10-25,27.86,28.08,27.64,27.89,1109431.0
2012-10-26,27.94,28.3,27.94,27.97,2118613.0
2012-10-29,27.99,29.02,27.99,28.93,2091413.0
2012-10-30,29.18,29.18,28.71,28.87,486260.0
2012-10-31,28.89,29.52,28.77,28.97,1671765.0
2012-11-01,29.02,29.39,28.89,29.2,1192773.0
2012-11-02,29.15,29.31,28.93,29.0,963332.0
2012-11-05,29.0,29.47,28.85,28.93,1290326.0
2012-11-06,28.95,29.33,28.28,28.46,700440.0
2012-11-07,28.36,29.34,28.35,28.77,1683503.0
2012-11-08,28.61,29.18,28.54,29.0,1334303.0
2012-11-09,29.0,29.11,28.69,28.79,504813.0
2012-11-12,28.77,28.77,28.07,28.23,646801.0
2012-11-13,28.31,28.31,27.71,27.86,625207.0
2012-11-14,27.82,27.97,27.38,27.91,617033.0
2012-11-15,27.91,28.2,27.63,28.04,830899.0
2012-11-16,27.84,27.95,26.29,26.32,1562361.0
2012-11-19,26.48,27.35,26.4,27.23,1456643.0
2012-11-20,27.27,27.63,26.91,27.55,672670.0
2012-11-21,27.43,27.69,26.86,27.3,692424.0
2012-11-22,27.32,27.32,26.65,26.81,482797.0
2012-11-23,26.81,27.38,26.58,27.07,1235856.0
2012-11-26,27.1,27.41,26.89,26.89,736340.0
2012-11-27,26.89,26.97,26.35,26.56,621749.0
2012-11-28,26.56,26.65,26.19,26.27,676161.0
2012-11-29,26.16,26.65,25.91,26.55,596747.0
2012-11-30,26.55,27.56,26.55,27.46,1168109.0
2012-12-03,27.46,28.58,27.46,27.79,2028154.0
2012-12-04,27.84,28.28,27.51,28.18,639013.0
2012-12-05,28.18,29.07,27.79,28.44,1773476.0
2012-12-06,28.64,28.9,28.33,28.48,1544508.0
2012-12-07,28.49,28.77,28.15,28.53,944794.0
2012-12-10,28.58,29.46,28.56,29.16,1747633.0
2012-12-11,29.2,29.41,28.76,29.05,758732.0
2012-12-12,28.82,29.07,28.74,28.77,671075.0
2012-12-13,28.77,29.02,28.64,28.79,443944.0
2012-12-14,28.79,29.79,28.74,29.59,1642516.0
2012-12-17,29.59,30.57,29.36,30.34,3651527.0
2012-12-18,30.32,30.32,29.77,29.92,1285682.0
2012-12-19,29.72,30.31,29.72,29.85,659580.0
2012-12-20,29.56,30.0,29.28,29.83,971861.0
2012-12-21,29.92,31.01,29.59,30.52,2871825.0
2012-12-24,30.44,30.98,30.14,30.7,1323722.0
2012-12-25,30.7,31.63,30.7,31.26,2288848.0
2012-12-26,31.21,31.63,30.8,31.16,932372.0
2012-12-27,31.22,31.37,30.41,30.44,817006.0
2012-12-28,30.41,30.77,29.67,30.67,1461692.0
2012-12-31,30.67,30.83,29.72,30.0,2308590.0
2013-01-04,30.01,31.34,29.98,31.22,2912656.0
2013-01-07,30.9,32.24,30.81,32.07,3184092.0
2013-01-08,32.29,32.94,31.7,31.91,2327822.0
2013-01-09,31.75,32.61,31.75,32.04,1163149.0
2013-01-10,31.96,33.45,31.96,32.97,1442587.0
2013-01-11,32.97,33.1,32.07,32.2,1289467.0
2013-01-14,32.2,33.27,32.2,32.66,1912955.0
2013-01-15,32.69,33.95,32.66,33.63,1379154.0
2013-01-16,33.33,34.79,33.33,34.31,1818097.0
2013-01-17,36.05,37.75,36.05,37.75,8248643.0
2013-01-18,37.84,40.87,37.27,39.14,6806250.0
2013-01-21,38.55,40.67,38.42,39.09,3878087.0
2013-01-22,38.76,38.89,37.6,38.33,3149560.0
2013-01-23,37.93,38.06,36.26,37.76,2973192.0
2013-01-24,37.6,37.93,35.93,36.21,3875324.0
2013-01-25,36.13,37.76,35.82,37.3,2805077.0
2013-01-28,37.3,40.03,37.11,39.53,2803233.0
2013-01-29,39.3,39.69,38.92,39.23,1536610.0
2013-01-30,39.41,39.89,38.56,39.66,1694236.0
2013-01-31,39.66,39.77,38.92,39.56,1338564.0
2013-02-01,39.56,39.89,39.23,39.5,1641633.0
2013-02-04,39.4,40.54,37.96,38.25,2256221.0
2013-02-05,37.6,39.56,37.29,39.25,1674992.0
2013-02-06,39.27,40.67,39.17,40.36,1380979.0
2013-02-07,40.31,42.42,40.31,42.09,1863224.0
2013-02-08,42.42,43.93,41.6,42.7,1317693.0
2013-02-18,42.52,44.14,41.69,43.12,1438025.0
2013-02-19,43.12,43.12,39.23,42.13,3604144.0
2013-02-20,41.31,44.11,41.2,44.11,1285871.0
2013-02-21,43.35,44.3,42.05,42.52,3892481.0
2013-02-22,42.5,43.97,41.03,43.29,2582625.0
2013-02-25,43.34,44.64,43.12,44.53,2135664.0
2013-02-26,44.37,44.6,42.76,42.78,1668249.0
2013-02-27,42.83,42.98,41.49,41.69,1694666.0
2013-02-28,41.69,42.99,41.38,42.81,1626514.0
2013-03-01,42.42,43.45,41.85,43.37,976108.0
2013-03-04,42.55,42.99,39.04,39.04,6926567.0
2013-03-05,38.55,40.53,38.42,40.33,2386143.0
2013-03-06,40.18,41.52,39.76,41.05,1357433.0
2013-03-07,41.05,42.32,39.23,39.53,2945376.0
2013-03-08,39.32,40.44,39.3,39.86,1364853.0
2013-03-11,39.53,40.57,39.33,39.89,1036317.0
2013-03-12,39.87,40.38,38.58,38.74,1358665.0
2013-03-13,38.71,39.18,37.76,39.05,840567.0
2013-03-14,39.02,41.49,38.76,40.57,1429497.0
2013-03-15,41.03,41.11,40.05,40.54,782799.0
2013-03-18,40.54,40.57,39.76,40.18,557111.0
2013-03-19,39.45,40.56,39.45,40.44,788246.0
2013-03-20,40.59,42.13,40.39,41.93,1413615.0
2013-03-21,42.5,43.42,41.96,43.29,1120955.0
2013-03-22,43.29,43.93,42.19,43.16,1149957.0
2013-03-25,42.93,43.32,42.49,42.72,773973.0
2013-03-26,42.7,43.75,42.24,42.67,573167.0
2013-03-27,42.83,43.6,42.0,42.81,954570.0
2013-03-28,42.14,42.83,40.07,42.36,1491033.0
2013-03-29,42.67,42.67,41.41,41.78,441369.0
2013-04-01,41.67,42.34,41.29,41.7,435823.0
2013-04-02,41.8,41.98,39.48,40.21,1179569.0
2013-04-03,40.23,41.03,40.21,40.39,454440.0
2013-04-08,39.54,41.05,38.87,40.95,541315.0
2013-04-09,41.02,41.83,40.62,41.28,521604.0
2013-04-10,40.9,42.67,40.9,41.42,2615225.0
2013-04-11,41.13,43.58,41.13,43.12,1630591.0
2013-04-12,43.24,46.9,42.67,46.25,2897233.0
2013-04-15,46.23,46.23,43.16,44.89,3241647.0
2013-04-16,43.65,45.12,43.08,44.14,1889919.0
2013-04-17,43.97,47.05,43.97,47.0,2386908.0
2013-04-18,46.92,47.8,45.77,46.39,1290323.0
2013-04-19,45.95,48.08,45.95,46.39,2094285.0
2013-04-22,46.1,50.66,45.85,49.21,1876649.0
2013-04-23,49.53,50.15,48.72,49.53,1957918.0
2013-04-24,49.53,52.46,48.72,52.31,2337264.0
2013-04-25,51.41,54.49,50.01,51.15,4093907.0
2013-04-26,49.97,51.82,48.88,49.21,1616186.0
2013-05-02,48.88,51.48,45.77,51.0,1493802.0
2013-05-03,51.0,53.08,50.48,52.64,1547990.0
2013-05-06,52.77,52.77,51.17,52.23,1642127.0
2013-05-07,52.31,52.31,49.04,50.06,2088487.0
2013-05-08,50.19,51.72,49.07,51.09,1467979.0
2013-05-09,51.0,51.72,49.89,51.09,1060625.0
2013-05-10,51.09,51.17,49.04,50.82,1383217.0
2013-05-13,50.32,51.17,49.73,50.24,696396.0
2013-05-14,50.24,52.72,49.66,52.48,1145240.0
2013-05-15,52.15,52.98,50.51,52.43,1175943.0
2013-05-16,52.48,52.7,51.17,51.87,1249902.0
2013-05-17,51.82,54.79,51.47,54.76,1359527.0
2013-05-20,54.96,57.27,54.23,56.61,1536256.0
2013-05-21,56.77,57.1,54.78,56.44,1309244.0
2013-05-22,55.72,55.91,54.46,55.12,983598.0
2013-05-23,54.63,55.34,53.41,53.42,739574.0
2013-05-24,53.64,54.68,52.98,53.64,1170932.0
2013-05-27,53.47,55.29,53.47,54.15,776017.0
2013-05-28,54.11,54.11,51.99,52.15,3219534.0
2013-05-29,51.82,53.36,51.49,52.15,1244301.0
2013-05-30,51.54,52.15,51.24,51.52,1103203.0
2013-05-31,51.64,53.27,51.51,52.23,2289208.0
2013-06-03,52.25,53.12,50.24,51.16,1648245.0
2013-06-04,51.03,51.03,48.82,49.31,1321297.0
2013-06-05,49.58,50.75,48.65,50.01,1459500.0
2013-06-06,49.48,51.18,49.2,50.42,911904.0
2013-06-07,50.34,51.9,50.01,50.32,1718047.0
2013-06-13,50.17,51.66,47.71,51.31,1667544.0
2013-06-14,50.75,52.89,50.67,52.66,1626644.0
2013-06-17,52.91,53.55,51.72,53.22,1023412.0
2013-06-18,52.98,54.21,52.07,52.86,634264.0
2013-06-19,53.19,53.6,50.76,52.81,850892.0
2013-06-20,52.43,52.45,50.32,50.47,813905.0
2013-06-21,49.18,51.99,47.91,51.26,913687.0
2013-06-24,50.6,50.86,48.69,48.83,2178842.0
2013-06-25,48.83,49.97,44.89,49.74,2292998.0
2013-06-26,49.74,52.12,49.74,52.07,1213074.0
2013-06-27,52.07,54.13,51.74,52.56,893147.0
2013-06-28,52.53,54.61,51.99,53.83,1008847.0
2013-07-01,54.11,55.07,53.47,54.73,961726.0
2013-07-02,54.49,56.77,53.47,55.52,1595544.0
2013-07-03,55.42,57.56,54.46,56.92,1507730.0
2013-07-04,56.77,57.51,55.62,55.86,922857.0
2013-07-05,55.12,60.86,55.12,58.13,1777555.0
2013-07-08,57.63,59.13,56.97,57.48,943067.0
2013-07-09,56.33,57.81,56.29,57.02,348223.0
2013-07-10,57.42,57.43,55.95,56.79,381226.0
2013-07-11,56.06,61.94,56.06,61.85,1177911.0
2013-07-12,61.67,61.71,59.83,61.23,994205.0
2013-07-15,60.29,62.47,60.29,61.16,826423.0
2013-07-16,61.87,63.54,60.98,61.1,741934.0
2013-07-17,60.88,61.89,58.67,59.41,894737.0
2013-07-18,59.38,60.55,56.94,60.55,1371898.0
2013-07-19,60.24,60.98,58.09,59.03,960027.0
2013-07-22,62.02,62.02,58.6,59.25,541834.0
2013-07-23,58.62,60.57,58.59,60.27,1703114.0
2013-07-24,59.66,60.44,58.87,59.26,772741.0
2013-07-25,59.4,62.96,58.22,62.22,1515946.0
2013-07-26,61.06,63.13,58.59,61.89,1573177.0
2013-07-29,61.87,64.13,60.32,62.2,1517297.0
2013-07-30,61.64,63.54,60.24,60.27,1554458.0
2013-07-31,62.71,62.71,60.27,61.06,810496.0
2013-08-01,61.06,62.96,61.06,62.07,698068.0
2013-08-02,62.22,65.37,62.22,65.01,1756568.0
2013-08-05,64.86,66.48,63.8,65.11,1093251.0
2013-08-06,65.11,67.65,64.21,66.43,830892.0
2013-08-07,66.48,68.79,66.48,68.16,1505789.0
2013-08-08,67.98,68.62,66.41,67.6,950443.0
2013-08-09,67.66,67.98,65.85,66.38,658041.0
2013-08-12,66.38,66.99,63.59,65.49,1293022.0
2013-08-13,65.47,65.47,63.93,65.19,470599.0
2013-08-14,65.21,66.77,64.94,66.71,741828.0
2013-08-15,66.1,66.62,63.67,64.36,900326.0
2013-08-16,63.82,64.69,63.18,63.41,583886.0
2013-08-19,63.39,64.26,61.89,64.2,1100803.0
2013-08-20,64.35,64.73,62.38,62.55,1304228.0
2013-08-21,62.56,62.88,60.17,61.56,1287469.0
2013-08-22,60.45,61.85,60.22,61.01,762967.0
2013-08-23,61.39,61.57,58.67,59.58,1510640.0
2013-08-26,60.07,63.04,59.63,62.88,1448964.0
2013-08-27,62.86,63.59,61.89,63.16,1221085.0
2013-08-28,62.71,63.04,61.76,61.9,524397.0
2013-08-29,61.9,61.92,59.63,59.86,759543.0
2013-08-30,59.41,61.23,59.0,59.43,1065115.0
2013-09-02,59.74,61.48,56.95,61.38,1110962.0
2013-09-03,61.46,61.69,60.37,61.31,588420.0
2013-09-04,61.06,61.48,59.74,59.87,740128.0
2013-09-05,59.76,60.82,59.76,59.86,528050.0
2013-09-06,59.86,59.86,58.75,58.82,915998.0
2013-09-09,58.82,59.94,58.27,59.58,1264078.0
2013-09-10,59.41,59.87,58.67,58.97,739508.0
2013-09-11,58.97,61.54,56.14,61.54,1439617.0
2013-09-12,61.06,62.8,60.83,61.52,1104536.0
2013-09-13,61.54,62.5,61.06,61.92,694642.0
2013-09-16,61.67,63.04,61.26,62.0,575607.0
2013-09-17,62.0,63.95,60.75,63.65,1334716.0
2013-09-18,63.37,64.91,62.88,63.08,800070.0
2013-09-23,62.83,63.54,61.57,62.55,626110.0
2013-09-24,62.53,63.13,61.23,62.38,656897.0
2013-09-25,62.38,63.19,61.03,61.03,807475.0
2013-09-26,60.91,60.91,58.67,59.33,887893.0
2013-09-27,58.92,60.07,58.92,59.45,645430.0
2013-09-30,59.45,60.4,59.1,60.07,226929.0
2013-10-08,60.07,61.85,60.07,60.52,560484.0
2013-10-09,61.03,61.19,59.91,60.49,609913.0
2013-10-10,59.74,60.49,57.75,59.03,1247422.0
2013-10-11,58.59,59.71,58.59,58.75,693773.0
2013-10-14,58.59,59.38,57.35,59.23,1085436.0
2013-10-15,59.23,59.23,57.76,58.16,471872.0
2013-10-16,58.22,58.41,56.13,56.67,671041.0
2013-10-17,56.11,57.66,53.88,54.4,1194286.0
2013-10-18,54.3,57.56,54.03,57.07,1193926.0
2013-10-21,57.1,58.29,56.44,58.06,806603.0
2013-10-22,58.06,58.06,56.11,57.76,515867.0
2013-10-23,57.4,59.61,57.4,59.25,1181907.0
2013-10-24,59.1,59.71,58.19,58.24,344137.0
2013-10-25,60.16,64.07,60.16,61.21,2096404.0
2013-10-28,61.06,63.21,60.49,62.37,1987535.0
2013-10-29,62.17,62.43,59.58,60.12,1044872.0
2013-10-30,59.26,61.89,59.26,60.9,1390735.0
2013-10-31,60.9,61.89,59.25,61.06,789424.0
2013-11-01,60.27,61.06,57.81,59.43,940293.0
2013-11-04,59.08,61.06,58.77,59.83,777837.0
2013-11-05,59.25,60.07,59.21,59.68,283442.0
2013-11-06,59.64,59.66,56.94,58.55,350583.0
2013-11-07,57.6,57.91,54.89,55.62,873111.0
2013-11-08,56.01,56.34,55.01,55.12,357241.0
2013-11-11,55.12,55.95,54.56,55.62,453603.0
2013-11-12,55.3,57.76,55.3,57.15,611534.0
2013-11-13,57.71,57.71,56.54,57.0,378275.0
2013-11-14,56.51,58.36,56.31,57.47,217923.0
2013-11-15,57.47,59.25,56.95,58.49,425303.0
2013-11-18,58.75,59.41,58.31,58.72,427193.0
2013-11-19,58.72,59.21,58.59,58.75,505211.0
2013-11-20,58.75,59.4,57.93,58.92,294494.0
2013-11-21,58.92,58.92,57.63,58.54,581788.0
2013-11-22,58.27,60.73,58.27,60.27,849486.0
2013-11-25,60.2,62.91,58.62,62.91,1353268.0
2013-11-26,61.89,62.71,61.57,62.38,707109.0
2013-11-27,61.71,62.55,61.23,61.72,877559.0
2013-11-28,62.22,64.12,61.76,63.18,1507249.0
2013-11-29,63.36,63.36,61.81,62.38,1393103.0
2013-12-02,61.24,61.39,56.28,58.59,1611213.0
2013-12-03,57.76,61.23,57.73,59.97,1596191.0
2013-12-04,60.02,62.88,59.16,61.97,1588241.0
2013-12-05,61.64,63.54,60.32,62.65,1776421.0
2013-12-06,62.52,62.71,60.49,61.44,1243791.0
2013-12-09,62.37,66.01,61.51,64.17,3035910.0
2013-12-10,64.23,68.14,63.88,67.6,2174278.0
2013-12-11,67.45,68.79,65.82,67.65,912090.0
2013-12-12,67.65,67.83,65.77,67.5,803943.0
2013-12-13,67.17,69.28,66.1,68.98,760374.0
2013-12-16,68.98,70.62,66.34,67.0,1172957.0
2013-12-17,66.86,67.0,64.83,64.96,608101.0
2013-12-18,64.83,67.17,64.38,65.12,486266.0
2013-12-19,65.29,65.85,61.08,63.62,977986.0
2013-12-20,62.47,63.97,61.89,62.22,757938.0
2013-12-23,62.3,63.88,61.62,63.7,954969.0
2013-12-24,63.57,65.44,62.93,65.32,866867.0
2013-12-25,65.29,65.95,64.3,65.52,548433.0
2013-12-26,65.58,66.76,63.54,63.88,485598.0
2013-12-27,64.03,65.29,62.6,64.28,601459.0
2013-12-30,64.36,64.36,61.82,62.89,1450109.0
2013-12-31,62.88,65.6,61.92,65.16,1287052.0
2014-01-02,65.52,69.4,64.46,68.36,1097735.0
2014-01-03,68.41,69.31,65.8,67.91,712043.0
2014-01-06,66.99,66.99,64.46,65.68,807823.0
2014-01-07,65.6,65.6,62.94,63.84,1069004.0
2014-01-08,63.46,64.81,63.14,64.03,963376.0
2014-01-09,63.79,64.36,60.9,62.55,1427045.0
2014-01-10,63.7,65.68,63.54,63.87,2955557.0
2014-01-13,65.19,66.76,64.03,65.47,2641732.0
2014-01-14,66.18,66.64,64.3,66.44,670666.0
2014-01-15,66.51,66.67,65.29,65.98,755499.0
2014-01-16,65.85,65.98,64.36,65.01,835662.0
2014-01-17,65.01,65.45,62.22,62.38,1184878.0
2014-01-20,62.23,63.8,61.9,63.7,683242.0
2014-01-21,63.75,64.17,60.98,61.59,1050295.0
2014-01-22,61.72,63.18,61.08,62.63,866706.0
2014-01-23,62.61,63.21,61.36,62.89,1364180.0
2014-01-24,63.08,65.42,62.1,64.03,1574136.0
2014-01-27,64.07,66.84,63.54,66.01,1787944.0
2014-01-28,66.01,67.91,65.01,66.99,864714.0
2014-01-29,67.07,67.07,64.2,64.86,1048104.0
2014-01-30,65.02,65.5,62.14,62.22,816209.0
2014-02-07,61.76,64.33,61.76,64.17,515278.0
2014-02-10,64.12,65.07,62.88,64.86,1614638.0
2014-02-11,64.88,65.11,63.29,63.72,1024248.0
2014-02-12,63.8,64.25,62.47,63.21,1300233.0
2014-02-13,63.88,64.17,61.99,62.32,1223641.0
2014-02-14,62.32,65.45,62.32,64.5,2891467.0
2014-02-17,65.07,66.61,64.53,66.01,1444687.0
2014-02-18,66.49,66.81,63.55,64.45,1972596.0
2014-02-19,64.45,66.0,64.4,65.06,1343904.0
2014-02-20,65.7,68.16,65.07,68.14,3132096.0
2014-02-21,68.16,69.78,66.43,67.71,1698647.0
2014-02-24,67.17,67.42,61.59,62.91,3488271.0
2014-02-25,62.8,63.51,56.62,57.58,5348683.0
2014-02-26,57.93,58.85,55.14,56.8,3145987.0
2014-02-27,56.82,58.41,56.11,56.33,2110891.0
2014-02-28,56.18,57.18,54.46,56.94,2293617.0
2014-03-03,56.94,57.81,55.91,57.71,1436696.0
2014-03-04,57.78,58.22,56.79,57.32,1686329.0
2014-03-05,57.35,57.58,54.99,55.29,2271380.0
2014-03-06,55.45,55.48,53.06,55.45,3863362.0
2014-03-07,55.47,57.22,55.12,56.47,2293577.0
2014-03-10,57.05,57.3,55.47,55.7,1836113.0
2014-03-11,55.91,56.03,53.72,54.56,2145343.0
2014-03-12,54.43,54.86,53.49,53.78,1466117.0
2014-03-13,53.77,54.74,53.67,53.97,596744.0
2014-03-14,54.0,54.16,53.12,53.64,708563.0
2014-03-17,53.64,56.44,53.64,55.3,1544001.0
2014-03-18,55.27,56.9,55.12,55.29,1243719.0
2014-03-19,55.3,55.62,54.15,54.51,784554.0
2014-03-20,54.51,56.94,54.51,55.95,1358128.0
2014-03-21,55.29,56.94,55.17,56.06,1958780.0
2014-03-24,56.76,58.57,56.61,57.66,2313871.0
2014-03-25,58.09,58.55,56.95,58.37,896634.0
2014-03-26,58.22,58.98,57.61,58.59,735993.0
2014-03-27,58.67,59.28,57.35,58.26,1037061.0
2014-03-28,58.24,58.34,56.71,56.71,750755.0
2014-03-31,56.66,57.4,55.45,56.23,970254.0
2014-04-01,56.23,56.92,55.09,55.91,890545.0
2014-04-02,55.86,56.24,54.28,55.24,1685141.0
2014-04-03,55.24,57.94,54.48,56.94,1338764.0
2014-04-04,56.11,57.27,55.95,56.95,1076020.0
2014-04-08,56.9,58.26,56.52,57.94,804924.0
2014-04-09,58.09,59.2,57.76,58.79,769872.0
2014-04-10,59.43,60.73,59.35,60.07,2272159.0
2014-04-11,59.92,62.3,59.41,61.59,1667394.0
2014-04-14,61.62,62.3,61.03,62.04,927905.0
2014-04-15,61.72,62.66,61.71,62.43,1180315.0
2014-04-16,62.45,62.63,59.41,61.48,1362684.0
2014-04-17,60.37,61.52,60.24,61.19,509790.0
2014-04-18,61.06,61.36,60.42,60.83,208287.0
2014-04-21,60.67,62.47,59.91,62.32,833183.0
2014-04-22,62.32,62.55,60.78,61.54,470101.0
2014-04-23,61.01,62.02,60.24,60.35,589837.0
2014-04-24,60.57,62.0,60.32,60.53,649308.0
2014-04-25,60.55,61.85,60.53,61.01,638789.0
2014-04-28,61.01,61.01,59.08,59.16,714727.0
2014-04-29,59.08,63.21,57.76,62.8,1625116.0
2014-04-30,62.88,65.82,62.25,65.55,1830190.0
2014-05-05,64.69,65.55,63.08,65.04,1318901.0
2014-05-06,64.86,64.94,63.88,64.1,848985.0
2014-05-07,63.85,65.35,63.06,64.64,835532.0
2014-05-08,62.71,64.41,62.71,63.59,641867.0
2014-05-09,63.84,66.31,62.73,63.37,838972.0
2014-05-12,63.87,65.11,62.76,64.53,662709.0
2014-05-13,64.38,65.16,63.82,64.61,492602.0
2014-05-14,64.38,64.79,63.55,64.07,230449.0
2014-05-15,64.2,64.23,61.97,62.88,571914.0
2014-05-16,62.67,63.13,56.75,60.62,542171.0
2014-05-19,60.2,62.38,58.89,62.04,875019.0
2014-05-20,62.04,62.5,60.83,61.48,459314.0
2014-05-21,61.14,62.17,60.91,61.87,224097.0
2014-05-22,61.81,65.01,61.5,63.34,843111.0
2014-05-23,63.36,64.32,62.92,63.44,433501.0
2014-05-26,63.15,64.07,63.15,63.59,358430.0
2014-05-27,63.44,64.01,62.27,62.52,326772.0
2014-05-28,62.71,63.76,62.29,63.57,366836.0
2014-05-29,63.69,64.51,63.34,63.57,338648.0
2014-05-30,64.13,64.13,62.52,62.67,313783.0
2014-06-03,62.5,63.11,62.1,62.29,230381.0
2014-06-04,62.44,62.59,62.0,62.31,236348.0
2014-06-05,62.29,62.67,61.9,62.65,229400.0
2014-06-06,62.63,63.0,61.67,61.79,452381.0
2014-06-09,61.81,61.83,59.97,60.06,576793.0
2014-06-10,60.01,61.98,60.01,61.81,322241.0
2014-06-11,61.67,62.02,61.04,61.69,201296.0
2014-06-12,61.31,61.92,61.08,61.71,207885.0
2014-06-13,61.67,61.87,61.39,61.85,354843.0
2014-06-16,61.85,63.02,61.85,62.29,535940.0
2014-06-17,62.25,62.25,60.64,61.04,439536.0
2014-06-18,60.79,61.77,60.37,60.41,382462.0
2014-06-19,60.2,60.7,56.57,57.46,609360.0
2014-06-20,58.05,58.05,56.34,56.8,667652.0
2014-06-23,56.8,57.97,56.8,57.07,636320.0
2014-06-24,57.07,57.07,55.65,56.52,1413831.0
2014-06-25,56.86,56.86,55.19,56.11,748367.0
2014-06-26,56.44,56.86,56.06,56.42,848297.0
2014-06-27,56.42,56.84,56.13,56.65,1531649.0
2014-06-30,56.9,59.16,56.59,59.09,1037981.0
2014-07-01,59.07,59.09,57.92,58.11,985596.0
2014-07-02,58.3,58.51,57.34,57.76,690119.0
2014-07-03,57.94,58.76,57.76,58.68,1025947.0
2014-07-04,58.53,58.53,57.23,57.46,885477.0
2014-07-07,57.65,57.65,56.61,56.84,407536.0
2014-07-08,56.8,57.11,56.23,56.8,685343.0
2014-07-09,57.07,57.15,56.44,56.44,350383.0
2014-07-10,56.25,56.44,55.14,55.25,789847.0
2014-07-11,55.31,55.75,54.24,54.47,1148386.0
2014-07-14,54.45,54.45,53.33,53.91,1315806.0
2014-07-15,53.91,55.35,53.91,55.29,1510726.0
2014-07-16,55.29,55.85,54.81,55.73,967349.0
2014-07-17,56.17,56.19,54.79,55.12,450936.0
2014-07-18,55.1,57.59,54.56,56.61,1518771.0
2014-07-21,57.49,58.51,56.8,57.88,2298548.0
2014-07-22,57.49,57.92,56.75,57.44,1260803.0
2014-07-23,57.19,57.23,55.39,56.19,1552649.0
2014-07-24,55.71,56.8,55.39,55.81,1198359.0
2014-07-25,57.86,61.39,57.74,61.39,5503843.0
2014-07-28,62.0,64.7,61.39,63.3,4473306.0
2014-07-29,63.42,63.76,62.19,63.34,3038942.0
2014-07-30,63.17,63.67,62.71,63.0,1082745.0
2014-07-31,63.34,63.65,61.67,62.0,2168028.0
2014-08-01,62.08,62.82,61.41,62.67,2385416.0
2014-08-04,62.48,65.32,61.69,65.2,2349677.0
2014-08-05,65.47,65.78,63.63,65.37,2102137.0
2014-08-06,64.8,64.8,62.0,62.94,4610724.0
2014-08-07,62.44,64.49,62.44,63.17,1428764.0
2014-08-08,63.23,63.78,62.79,63.15,760679.0
2014-08-11,63.25,66.26,62.71,66.26,1986547.0
2014-08-12,65.03,65.83,63.67,64.78,3561790.0
2014-08-13,63.86,64.51,62.71,64.07,1639208.0
2014-08-14,63.74,64.17,62.94,63.44,878303.0
2014-08-15,63.36,63.92,62.98,63.71,1108996.0
2014-08-18,63.55,65.14,63.55,64.95,1773557.0
2014-08-19,64.55,65.07,63.92,64.09,846187.0
2014-08-20,64.09,64.55,62.92,63.17,1045653.0
2014-08-21,62.94,63.74,62.4,62.71,959803.0
2014-08-22,63.02,63.65,62.75,63.13,742728.0
2014-08-25,63.09,63.21,61.79,61.98,1025406.0
2014-08-26,62.17,62.46,61.27,61.87,907644.0
2014-08-27,61.85,62.82,61.69,62.29,798728.0
2014-08-28,62.36,62.36,60.31,61.87,587081.0
2014-08-29,61.56,62.1,61.23,61.56,705572.0
2014-09-01,61.54,63.05,61.54,62.61,1138782.0
2014-09-02,63.11,63.3,62.52,63.17,1143923.0
2014-09-03,63.53,63.53,62.63,62.92,1857235.0
2014-09-04,62.69,63.13,62.67,63.02,1348272.0
2014-09-05,63.3,63.3,62.69,63.09,1475861.0
2014-09-10,65.85,66.06,63.53,65.14,3191733.0
2014-09-11,64.8,65.43,64.03,64.57,2096602.0
2014-09-12,64.49,65.8,64.24,65.72,1932330.0
2014-09-15,66.22,67.58,65.83,66.06,2514091.0
2014-09-16,66.06,66.7,64.17,64.22,2009647.0
2014-09-17,64.22,64.61,62.56,63.42,1103824.0
2014-09-18,63.4,63.94,62.79,63.51,1590586.0
2014-09-19,63.71,63.74,62.08,62.86,2080791.0
2014-09-22,62.84,63.02,60.83,61.29,2469112.0
2014-09-23,61.14,61.9,60.83,61.9,1808855.0
2014-09-24,61.73,63.11,61.35,62.77,1790618.0
2014-09-25,62.77,63.0,62.02,62.5,1511438.0
2014-09-26,62.38,63.0,62.19,62.77,1276528.0
2014-09-29,62.71,63.02,62.21,62.25,1315810.0
2014-09-30,62.25,63.23,62.25,62.67,1443701.0
2014-10-08,62.82,64.63,62.82,64.57,2043382.0
2014-10-09,64.76,64.76,63.76,64.17,1426013.0
2014-10-10,64.17,65.99,63.57,65.14,3520132.0
2014-10-13,64.84,66.37,63.76,66.1,3019128.0
2014-10-14,66.47,66.49,64.07,64.91,1769026.0
2014-10-15,65.16,66.89,64.05,66.79,2390113.0
2014-10-16,66.26,67.94,65.89,65.97,1890109.0
2014-10-17,65.97,66.22,63.76,65.09,1384600.0
2014-10-20,65.11,65.41,63.78,64.36,1656770.0
2014-10-21,64.26,64.72,63.55,64.43,1766149.0
2014-10-22,64.53,64.53,63.38,64.07,1313535.0
2014-10-23,64.05,65.62,63.46,65.37,1700502.0
2014-10-24,66.31,67.52,64.07,64.45,2192580.0
2014-10-27,63.88,65.8,63.09,65.22,1699079.0
2014-10-28,65.8,71.74,65.26,71.74,5373711.0
2014-10-29,73.27,76.9,72.85,76.28,7022524.0
2014-10-30,75.25,76.3,74.08,74.19,3215852.0
2014-10-31,74.81,76.3,73.5,75.44,3189430.0
2014-11-03,75.42,75.52,73.2,74.12,2548000.0
2014-11-04,74.17,74.73,71.8,72.93,2774905.0
2014-11-05,72.83,73.75,71.87,72.85,2471706.0
2014-11-06,72.85,75.11,72.33,74.63,2956198.0
2014-11-07,74.63,75.63,72.77,72.87,2937075.0
2014-11-10,72.51,74.08,71.09,74.0,2408696.0
2014-11-11,73.81,73.81,71.26,71.49,2027577.0
2014-11-12,71.14,72.41,70.86,71.53,1604311.0
2014-11-13,71.82,71.91,68.79,71.07,1999791.0
2014-11-14,70.28,71.68,68.92,70.13,1955816.0
2014-11-17,70.22,71.26,69.04,70.59,1356307.0
2014-11-18,70.45,70.59,69.19,69.36,1647688.0
2014-11-19,69.42,71.49,69.13,71.45,1781533.0
2014-11-20,70.76,71.11,69.55,69.76,1478805.0
2014-11-21,69.84,70.03,69.21,69.4,1119628.0
2014-11-24,70.45,72.43,69.78,71.49,4272351.0
2014-11-25,71.45,72.45,70.65,72.08,2028283.0
2014-11-26,72.08,72.1,70.26,70.99,2114459.0
2014-11-27,71.14,71.14,68.52,69.02,4384810.0
2014-11-28,68.96,69.88,67.83,69.8,4107321.0
2014-12-01,69.94,74.19,69.59,70.22,6136142.0
2014-12-02,70.51,71.78,70.22,70.93,3448974.0
2014-12-03,70.65,72.45,70.07,70.91,4307533.0
2014-12-04,71.72,75.21,71.72,74.46,6082551.0
2014-12-05,74.21,74.21,70.07,71.51,4685553.0
2014-12-08,71.34,71.34,69.19,69.46,4206074.0
2014-12-09,69.5,69.5,66.26,67.83,4424277.0
2014-12-10,67.75,70.45,66.33,69.96,4310129.0
2014-12-11,70.05,72.31,70.05,71.09,3637230.0
2014-12-12,71.09,74.1,71.09,73.18,3242695.0
2014-12-15,73.75,75.84,73.37,74.21,4541634.0
2014-12-16,74.69,74.69,71.16,71.93,2931267.0
2014-12-17,71.93,71.95,69.5,69.88,2824450.0
2014-12-18,69.88,70.78,69.17,69.44,2691093.0
2014-12-19,69.3,69.46,68.15,68.56,1964103.0
2014-12-22,68.73,68.75,66.49,66.68,2875145.0
2014-12-23,66.72,68.15,65.43,66.26,2864382.0
2014-12-24,66.43,68.75,66.43,67.77,2929798.0
2014-12-25,67.94,70.36,67.94,69.3,3251830.0
2014-12-26,69.11,69.78,68.15,69.19,1759057.0
2014-12-29,68.73,68.73,66.26,67.04,3454622.0
2014-12-30,67.21,67.35,64.78,65.62,2421492.0
2014-12-31,65.64,69.09,64.34,68.15,3036578.0
2015-01-05,71.05,74.96,68.56,74.96,7109376.0
2015-01-06,77.13,82.46,76.72,82.46,4950118.0
2015-01-07,83.34,83.34,78.93,80.86,7147751.0
2015-01-08,80.52,82.51,79.43,80.06,4684378.0
2015-01-09,78.39,82.34,78.18,80.69,4275552.0
2015-01-12,79.81,88.74,78.62,86.0,3846110.0
2015-01-13,86.33,87.02,83.38,86.67,2334604.0
2015-01-14,85.75,86.71,81.57,83.43,2246010.0
2015-01-15,82.78,86.33,81.8,83.41,1916745.0
2015-01-16,83.55,83.82,81.11,82.46,2970589.0
2015-01-19,79.43,82.78,79.04,80.27,2662332.0
2015-01-20,81.17,83.82,79.22,83.72,2721821.0
2015-01-21,83.72,86.96,82.8,85.08,2250861.0
2015-01-22,85.08,88.67,83.2,88.23,2540910.0
2015-01-23,87.17,87.8,83.78,86.92,1909035.0
2015-01-26,87.59,88.42,84.66,86.02,1694670.0
2015-01-27,85.73,86.73,82.38,83.57,2298534.0
2015-01-28,83.57,84.66,81.73,83.95,1772954.0
2015-01-29,81.52,85.91,81.32,85.5,1191639.0
2015-01-30,85.27,86.12,80.5,81.52,2128742.0
2015-02-02,80.98,83.59,80.29,80.6,2172607.0
2015-02-03,80.67,82.26,80.67,81.36,1716017.0
2015-02-04,81.94,82.05,77.97,78.7,4462228.0
2015-02-05,79.85,81.52,78.81,81.44,3820301.0
2015-02-06,81.48,82.11,79.58,80.92,1370533.0
2015-02-09,79.43,80.69,78.01,79.04,2532849.0
2015-02-10,78.43,79.81,78.18,79.52,1008327.0
2015-02-11,79.96,82.34,79.52,81.06,2387379.0
2015-02-12,80.92,83.2,79.75,83.2,2145156.0
2015-02-13,85.73,90.72,85.71,86.88,3239654.0
2015-02-16,87.08,88.59,85.93,87.38,1931191.0
2015-02-17,87.4,90.51,86.08,90.05,2943800.0
2015-02-25,90.05,90.26,85.96,87.11,2016398.0
2015-02-26,86.9,87.67,85.81,86.81,1782381.0
2015-02-27,86.96,87.34,83.61,86.21,2595204.0
2015-03-02,86.19,88.36,85.77,88.34,2494784.0
2015-03-03,88.34,89.57,86.33,86.52,2021898.0
2015-03-04,86.33,89.05,84.45,87.02,2068680.0
2015-03-05,86.77,88.11,85.96,86.54,1330796.0
2015-03-06,86.75,87.77,84.83,85.29,1589532.0
2015-03-09,85.29,87.13,83.26,86.1,1280186.0
2015-03-10,85.71,87.08,85.68,86.62,803470.0
2015-03-11,86.54,89.78,86.33,87.8,1810974.0
2015-03-12,91.14,96.03,88.82,88.86,2424710.0
2015-03-13,87.8,94.69,87.59,94.17,2494192.0
2015-03-16,95.74,95.99,92.0,94.17,2454316.0
2015-03-17,94.25,95.07,93.13,94.09,1685877.0
2015-03-18,94.67,94.82,93.33,94.57,1986167.0
2015-03-19,94.69,95.74,93.65,95.01,2095073.0
2015-03-20,94.97,94.97,91.96,93.63,3591184.0
2015-03-23,93.33,93.59,90.74,92.39,6028598.0
2015-03-24,91.98,93.23,91.35,92.87,3119010.0
2015-03-25,92.77,93.02,89.89,92.56,4804236.0
2015-03-26,91.16,95.74,91.16,94.55,6231089.0
2015-03-27,94.65,95.11,92.12,93.67,3177224.0
2015-03-30,93.73,100.25,93.69,99.1,5121261.0
2015-03-31,102.01,106.61,100.32,101.7,6396684.0
2015-04-01,100.34,111.81,99.52,107.24,3257494.0
2015-04-02,106.82,107.63,103.91,104.94,3427065.0
2015-04-03,104.52,106.61,102.43,104.94,2445253.0
2015-04-07,105.02,109.12,104.98,107.59,3096876.0
2015-04-08,107.4,110.73,106.4,107.03,3300986.0
2015-04-09,108.7,110.58,102.43,109.93,3971971.0
2015-04-10,111.86,112.88,107.05,108.7,5058811.0
2015-04-13,109.54,110.79,106.61,108.41,3901658.0
2015-04-14,108.45,109.54,107.28,107.95,3513594.0
2015-04-15,107.95,108.18,102.74,105.15,2725147.0
2015-04-16,102.99,106.57,101.76,104.35,3393041.0
2015-04-17,105.15,105.81,104.12,104.89,2770114.0
2015-04-20,104.0,104.92,102.76,103.28,3919123.0
2015-04-21,103.28,107.65,101.76,106.48,3219575.0
2015-04-22,106.65,111.83,106.65,109.35,2654870.0
2015-04-23,110.18,116.66,109.74,115.14,4274946.0
2015-04-24,112.92,115.14,108.18,109.68,3240810.0
2015-04-27,109.64,110.81,107.65,109.93,2647594.0
2015-04-28,109.64,110.56,103.89,104.33,4709209.0
2015-04-29,104.41,109.2,103.45,106.4,2173743.0
2015-04-30,106.55,108.24,103.16,104.0,3436977.0
2015-05-04,104.75,107.03,104.75,106.38,2271256.0
2015-05-05,107.84,114.55,107.03,108.87,6632668.0
2015-05-06,109.54,113.92,107.05,108.18,3119423.0
2015-05-07,108.18,108.78,104.33,106.5,1925692.0
2015-05-08,107.65,114.55,107.55,114.18,4513055.0
2015-05-11,115.6,122.29,113.11,121.39,4980015.0
2015-05-12,120.68,123.94,119.15,121.07,3679619.0
2015-05-13,121.24,122.24,117.1,120.18,3270399.0
2015-05-14,120.13,120.13,113.87,118.61,5362894.0
2015-05-15,118.58,121.43,115.74,117.95,5250091.0
2015-05-18,119.56,119.72,113.08,114.03,7602427.0
2015-05-19,114.66,118.58,113.4,117.98,6587473.0
2015-05-20,117.98,122.98,117.13,120.48,7718761.0
2015-05-21,120.2,132.53,119.88,132.53,10805732.0
2015-05-22,136.01,137.59,126.62,131.93,8342067.0
2015-05-25,129.69,137.59,128.1,131.27,8965166.0
2015-05-26,132.5,137.56,131.01,135.06,7188362.0
2015-05-27,134.9,134.9,130.0,132.85,6279069.0
2015-05-28,132.82,135.98,129.88,129.88,6977327.0
2015-05-29,129.88,133.13,119.28,125.92,6418568.0
2015-06-01,126.52,132.88,124.31,132.22,7964242.0
2015-06-02,133.8,136.45,131.58,133.99,7520492.0
2015-06-03,134.24,135.98,126.14,129.69,9690027.0
2015-06-04,128.64,128.64,116.72,124.91,8502441.0
2015-06-05,125.79,129.65,123.64,129.65,10276278.0
2015-06-08,127.6,129.53,124.34,127.15,7535587.0
2015-06-09,126.52,129.69,125.83,127.09,6040629.0
2015-06-10,126.52,130.32,125.89,129.12,7440898.0
2015-06-11,129.18,136.01,129.18,136.01,11471893.0
2015-06-12,136.17,140.57,134.78,136.11,11803721.0
2015-06-15,136.01,142.84,134.75,141.04,11794010.0
2015-06-16,141.39,141.39,129.75,132.85,8034848.0
2015-06-17,134.75,134.9,124.31,134.11,6713260.0
2015-06-18,134.15,137.59,130.63,130.95,7006505.0
2015-06-19,132.79,136.99,124.97,125.57,12021788.0
2015-06-23,126.52,130.32,116.24,126.21,6381850.0
2015-06-24,127.47,129.53,123.71,128.26,4963902.0
2015-06-25,128.29,136.33,127.0,131.27,8623222.0
2015-06-26,126.52,131.05,118.14,118.14,8049948.0
2015-06-29,121.62,122.03,106.34,111.94,11857809.0
2015-06-30,110.3,121.71,107.54,121.33,7973593.0
2015-07-01,121.15,125.89,115.45,119.28,7808572.0
2015-07-02,119.28,122.35,114.19,117.03,7313347.0
2015-07-03,116.18,122.09,111.94,116.53,10551239.0
2015-07-06,116.02,128.04,104.89,116.08,12656510.0
2015-07-07,110.64,116.56,104.48,104.48,8234236.0
2015-07-14,114.91,114.91,114.91,114.91,468701.0
2015-07-15,126.4,126.4,107.54,111.97,13088638.0
2015-07-16,109.76,122.73,105.01,120.83,10570332.0
2015-07-17,120.42,129.18,120.23,127.34,8121646.0
2015-07-20,126.52,130.48,124.15,126.05,8583566.0
2015-07-21,123.96,131.33,122.98,131.33,5581681.0
2015-07-22,130.06,132.85,127.44,130.76,5534341.0
2015-07-23,133.16,135.82,129.37,133.8,6658469.0
2015-07-24,134.75,136.01,127.47,129.62,5918396.0
2015-07-27,126.71,129.81,118.61,120.04,9050567.0
2015-07-28,117.63,125.89,117.63,123.68,8645940.0
2015-07-29,124.94,126.33,117.06,123.36,5931134.0
2015-07-30,123.33,125.79,118.61,118.68,4360177.0
2015-07-31,116.4,123.23,116.4,122.92,5874563.0
2015-08-03,120.39,132.22,120.39,132.12,7920994.0
2015-08-04,131.14,134.15,128.52,133.54,8801081.0
2015-08-05,132.53,132.85,128.8,131.2,5358434.0
2015-08-06,128.55,131.52,128.14,128.42,3337810.0
2015-08-07,128.48,131.24,127.76,128.83,3126263.0
2015-08-10,129.21,137.06,129.08,135.38,6937411.0
2015-08-11,135.66,140.44,134.43,134.87,6256618.0
2015-08-12,132.53,142.24,131.27,131.9,6160534.0
2015-08-13,131.33,133.61,128.64,132.37,6613797.0
2015-08-14,132.37,133.32,129.24,129.65,4592892.0
2015-08-17,129.69,132.37,128.83,131.27,4282842.0
2015-08-18,130.48,133.73,120.2,122.38,6432976.0
2015-08-19,119.56,126.68,117.06,125.35,5766947.0
2015-08-20,123.36,132.85,123.36,125.04,5983396.0
2015-08-21,121.78,124.91,116.65,116.81,6794181.0
2015-08-24,111.02,113.84,105.14,107.54,9808949.0
2015-08-25,101.53,111.02,101.12,102.8,7844552.0
2015-08-26,107.07,111.62,98.53,107.83,6964101.0
2015-08-27,110.71,112.29,104.54,111.09,5349713.0
2015-08-28,111.34,116.4,109.13,115.33,6462782.0
2015-08-31,113.71,113.71,107.54,109.13,5476858.0
2015-09-01,107.54,110.01,104.38,106.75,4007919.0
2015-09-02,104.32,109.44,102.96,109.44,4228323.0
2015-09-07,109.66,114.82,108.52,109.44,3432028.0
2015-09-08,109.44,115.61,107.83,115.58,3344508.0
2015-09-09,115.77,118.55,114.22,116.97,3887101.0
2015-09-10,114.5,117.32,114.47,114.98,1545325.0
2015-09-11,114.98,116.15,112.92,113.65,1765609.0
2015-09-14,113.84,114.41,106.69,108.37,3356541.0
2015-09-15,107.26,109.76,106.47,108.94,1500747.0
2015-09-16,109.13,118.8,108.08,115.45,2544358.0
2015-09-17,115.45,120.73,114.25,114.25,2740884.0
2015-09-18,114.38,116.65,112.92,114.5,1024382.0
2015-09-21,113.87,118.05,112.54,117.44,2035323.0
2015-09-22,118.3,118.42,115.33,116.08,1393415.0
2015-09-23,116.34,117.67,114.82,115.89,1383739.0
2015-09-24,116.08,117.0,114.88,115.45,1248144.0
2015-09-25,115.42,116.02,110.87,112.13,2005461.0
2015-09-28,112.48,113.74,109.47,111.81,2333382.0
2015-09-29,110.33,117.82,110.07,115.45,3110283.0
2015-09-30,115.26,116.34,111.69,114.03,2826200.0
2015-10-08,116.97,117.98,114.47,117.51,5622876.0
2015-10-09,116.08,116.97,113.24,116.15,3621992.0
2015-10-12,114.6,120.35,114.53,119.75,8266499.0
2015-10-13,118.61,119.22,117.29,117.98,2932284.0
2015-10-14,117.19,120.51,116.02,116.08,3446031.0
2015-10-15,116.75,119.12,116.4,118.71,2980245.0
2015-10-16,118.93,120.2,117.35,119.03,3479265.0
2015-10-19,120.13,120.13,116.75,117.98,3365269.0
2015-10-20,117.63,118.42,116.43,118.24,3403818.0
2015-10-21,119.09,120.16,114.69,115.77,5765263.0
2015-10-22,117.03,124.85,115.51,123.68,8696714.0
2015-10-23,123.36,126.14,121.27,123.68,7220861.0
2015-10-26,125.1,125.95,122.57,125.54,4423423.0
2015-10-27,124.59,126.21,122.09,126.17,5022720.0
2015-10-28,125.54,126.81,120.58,121.3,3098320.0
2015-10-29,123.26,124.81,120.23,124.28,2772092.0
2015-10-30,123.36,129.4,122.41,126.4,3945837.0
2015-11-02,120.23,127.34,120.2,124.56,3188916.0
2015-11-03,123.93,125.89,121.87,123.04,1783102.0
2015-11-04,123.39,128.36,123.36,127.09,3057356.0
2015-11-05,125.57,126.52,123.71,124.62,4760692.0
2015-11-06,124.97,127.79,124.69,126.55,3545514.0
2015-11-09,126.52,131.55,126.3,130.7,5318187.0
2015-11-10,130.0,130.63,128.77,129.31,2570359.0
2015-11-11,128.74,131.43,128.74,131.27,3050885.0
2015-11-12,131.24,131.93,128.96,130.32,2029189.0
2015-11-13,129.69,131.8,129.34,129.69,1674452.0
2015-11-16,129.02,132.72,128.1,132.63,2341267.0
2015-11-17,132.82,133.16,129.31,129.34,4006571.0
2015-11-18,129.69,130.16,127.41,127.72,2918931.0
2015-11-19,127.63,130.38,125.89,130.25,2681171.0
2015-11-20,128.74,130.73,128.1,129.37,3108251.0
2015-11-23,128.1,133.8,127.5,128.99,7956696.0
2015-11-24,128.04,128.04,125.45,126.46,3979201.0
2015-11-25,125.45,127.66,123.68,126.21,4811775.0
2015-11-26,126.52,127.15,125.45,126.33,4056617.0
2015-11-27,126.3,126.4,121.78,122.82,4028134.0
2015-11-30,124.94,126.52,122.82,124.47,2939223.0
2015-12-01,124.47,130.13,123.36,127.98,3035844.0
2015-12-02,126.84,140.44,126.68,131.9,7906780.0
2015-12-03,131.9,132.53,126.84,129.69,4390627.0
2015-12-04,129.21,129.21,126.14,126.78,2689860.0
2015-12-07,126.52,126.52,123.68,125.04,3563079.0
2015-12-08,124.59,126.78,123.83,125.92,3170800.0
2015-12-09,126.21,128.8,125.51,126.52,2625893.0
2015-12-10,126.71,129.15,123.52,123.52,2194153.0
2015-12-11,124.94,126.17,123.49,123.99,1666287.0
2015-12-14,123.36,127.12,122.79,126.65,1703110.0
2015-12-15,126.21,127.47,126.14,126.93,1493191.0
2015-12-16,126.93,129.18,126.71,128.45,2910625.0
2015-12-17,129.21,130.79,128.04,130.32,2957999.0
2015-12-18,129.69,131.08,128.74,129.97,3012566.0
2015-12-21,129.69,136.01,128.42,132.85,4963273.0
2015-12-22,133.48,139.49,132.22,134.81,3652473.0
2015-12-23,133.83,138.23,132.44,137.56,3735452.0
2015-12-24,137.59,140.22,136.36,140.22,4189097.0
2015-12-25,141.07,146.13,137.59,138.8,3601484.0
2015-12-28,138.54,147.59,138.54,144.55,5206477.0
2015-12-29,143.7,149.26,141.96,145.34,4084565.0
2015-12-30,145.5,147.02,141.99,145.18,4355935.0
2015-12-31,144.74,145.44,140.22,142.18,3021165.0
2016-01-04,141.58,141.58,133.48,133.73,2119891.0
2016-01-05,131.84,140.22,129.72,138.51,5027182.0
2016-01-06,137.34,142.02,136.01,141.33,4634298.0
2016-01-07,137.97,139.17,129.46,130.25,700265.0
2016-01-08,133.26,139.17,130.38,136.68,4616450.0
2016-01-11,132.88,137.69,126.52,126.52,3682153.0
2016-01-12,128.74,129.69,123.99,124.21,4251321.0
2016-01-13,129.72,133.35,124.66,126.43,6508213.0
2016-01-14,123.36,132.85,122.63,132.22,4321888.0
2016-01-15,131.27,131.27,125.45,127.44,3923549.0
2016-01-18,125.79,129.65,124.43,126.68,3394553.0
2016-01-19,127.0,129.65,125.89,128.48,5248882.0
2016-01-20,128.42,129.02,125.92,127.0,2167447.0
2016-01-21,124.94,127.31,123.55,123.68,2395395.0
2016-01-22,124.43,126.49,121.52,123.74,2535392.0
2016-01-25,124.94,127.79,123.71,126.68,4116323.0
2016-01-26,126.17,127.0,119.82,120.23,2963920.0
2016-01-27,123.36,123.36,110.26,120.23,4246929.0
2016-01-28,117.6,122.98,117.6,118.61,3880568.0
2016-01-29,118.77,125.26,118.14,122.28,2369654.0
2016-02-01,123.04,124.59,122.35,123.83,1872528.0
2016-02-02,123.68,126.46,123.36,125.45,1457496.0
2016-02-03,125.92,131.87,125.45,128.74,3346380.0
2016-02-04,128.74,131.11,127.22,128.7,2005412.0
2016-02-05,129.05,135.38,129.05,131.77,3357392.0
2016-02-15,126.52,136.71,126.02,135.41,3966978.0
2016-02-16,135.98,137.28,134.9,136.61,3024878.0
2016-02-17,136.64,136.64,131.3,132.53,2810437.0
2016-02-18,132.53,133.1,130.32,131.24,2589572.0
2016-02-19,131.3,132.47,130.03,131.8,2136611.0
2016-02-22,133.1,139.78,133.1,136.01,6180031.0
2016-02-23,135.92,137.59,133.64,137.06,2800213.0
2016-02-24,136.8,137.78,134.49,137.59,3997395.0
2016-02-25,137.28,137.53,131.27,131.27,3203620.0
2016-02-26,131.65,135.63,131.08,132.85,3924363.0
2016-02-29,132.06,133.7,126.21,130.95,4998784.0
2016-03-01,130.82,136.33,128.14,136.33,4218418.0
2016-03-02,136.39,147.43,136.01,139.81,11990707.0
2016-03-03,137.88,140.44,136.01,136.36,4827865.0
2016-03-04,135.73,142.31,135.47,140.41,4699309.0
2016-03-07,140.82,142.02,138.83,140.91,3510689.0
2016-03-08,139.43,141.55,134.68,138.0,5323453.0
2016-03-09,136.2,137.59,133.42,135.09,2239290.0
2016-03-10,135.13,140.6,135.13,138.76,4837010.0
2016-03-11,137.21,141.67,137.21,141.39,3272907.0
2016-03-14,143.51,147.3,141.33,142.5,5804940.0
2016-03-15,141.07,144.52,140.06,143.92,2900276.0
2016-03-16,143.79,144.74,140.57,142.15,2518289.0
2016-03-17,141.99,143.6,140.38,143.54,3093524.0
2016-03-18,142.97,146.26,142.37,145.18,4147729.0
2016-03-21,145.53,147.53,143.57,144.74,4682366.0
2016-03-22,144.62,144.62,139.65,141.17,3901586.0
2016-03-23,141.17,142.18,140.12,141.55,1709759.0
2016-03-24,141.36,141.55,139.17,139.97,2754458.0
2016-03-25,139.93,140.95,139.49,140.57,1528656.0
2016-03-28,140.57,142.34,138.45,138.89,2663309.0
2016-03-29,138.61,141.33,137.62,140.85,2959461.0
2016-03-30,141.01,147.08,140.98,147.08,5391901.0
2016-03-31,148.35,148.35,144.46,145.47,3506658.0
2016-04-01,144.87,144.93,142.65,143.22,2374167.0
2016-04-05,142.31,147.08,142.31,145.98,1986501.0
2016-04-06,146.01,146.61,142.91,144.55,3782402.0
2016-04-07,144.24,156.48,143.16,151.98,6972666.0
2016-04-08,148.66,156.48,146.61,152.21,5858434.0
2016-04-11,152.14,159.67,150.5,156.57,6129171.0
2016-04-12,155.08,164.0,152.78,158.15,6153487.0
2016-04-13,158.15,162.11,154.61,154.99,6002986.0
2016-04-14,154.04,156.51,153.16,155.69,2833041.0
2016-04-15,154.61,155.84,152.46,153.63,2530142.0
2016-04-18,153.6,155.24,152.08,154.36,2246198.0
2016-04-19,154.96,158.72,153.22,158.09,3617024.0
2016-04-20,158.31,159.58,150.25,153.72,5438888.0
2016-04-21,152.81,157.93,152.33,154.33,3436637.0
2016-04-22,153.76,169.07,153.63,167.04,7844618.0
2016-04-25,164.89,165.08,158.69,160.37,6956355.0
2016-04-26,160.05,162.11,158.15,158.85,4075101.0
2016-04-27,159.99,162.9,158.15,159.73,4369518.0
2016-04-28,159.13,162.9,158.15,161.76,3281818.0
2016-04-29,161.6,165.43,160.37,162.74,4456495.0
2016-05-03,162.3,169.22,161.35,168.59,4801807.0
2016-05-04,170.43,170.43,165.68,166.85,2756197.0
2016-05-05,165.74,169.51,165.74,168.24,2071239.0
2016-05-06,167.64,168.24,159.73,161.25,5859825.0
2016-05-09,159.67,161.22,156.51,158.94,3422120.0
2016-05-10,158.15,164.64,157.84,162.99,3375126.0
2016-05-11,162.9,167.58,161.82,162.17,3527970.0
2016-05-12,159.1,162.2,158.15,161.79,2206408.0
2016-05-13,162.2,165.59,161.57,164.54,2768605.0
2016-05-16,163.72,165.65,161.25,165.4,2806543.0
2016-05-17,164.51,165.4,162.9,163.59,1956784.0
2016-05-18,162.93,162.93,158.31,160.02,2238557.0
2016-05-19,161.0,161.85,156.95,157.11,2780051.0
2016-05-20,154.99,157.99,154.04,155.94,3120404.0
2016-05-23,155.94,158.82,155.62,156.1,1844148.0
2016-05-24,156.26,156.54,152.3,154.67,2338870.0
2016-05-25,155.27,156.57,152.78,153.47,2736280.0
2016-05-26,154.77,157.14,153.41,157.11,3289342.0
2016-05-27,157.08,158.98,156.07,156.67,1726677.0
2016-05-30,155.94,158.85,153.63,158.15,2301514.0
2016-05-31,157.87,161.95,157.87,161.89,2850387.0
2016-06-01,163.21,166.06,161.63,162.26,3550652.0
2016-06-02,160.63,163.23,158.47,159.86,4305229.0
2016-06-03,160.34,164.67,159.43,162.02,4891423.0
2016-06-06,163.08,166.49,161.35,165.58,4880889.0
2016-06-07,166.06,166.83,163.56,164.23,3531705.0
2016-06-08,164.23,169.42,163.23,168.27,5442602.0
2016-06-13,165.77,173.35,165.77,169.71,7046214.0
2016-06-14,168.79,177.63,167.55,177.2,8812859.0
2016-06-15,175.61,179.4,173.79,178.16,9715600.0
2016-06-16,176.28,177.87,170.23,171.39,10899048.0
2016-06-17,171.72,172.59,169.23,171.87,5719459.0
2016-06-20,171.87,175.61,169.85,174.22,5725762.0
2016-06-21,175.18,179.07,173.69,174.51,5339183.0
2016-06-22,174.03,174.03,168.51,171.19,9454369.0
2016-06-23,169.85,171.82,167.31,171.05,7318062.0
2016-06-24,170.86,174.51,168.03,171.87,5698232.0
2016-06-27,171.87,177.87,170.95,176.72,5927943.0
2016-06-28,175.23,177.87,173.11,175.08,5409299.0
2016-06-29,174.79,175.75,172.06,174.07,3271498.0
2016-06-30,174.12,177.05,172.35,176.52,4211589.0
2016-07-01,177.05,177.53,173.45,174.12,2334918.0
2016-07-04,173.31,176.38,173.02,174.36,3665063.0
2016-07-05,174.27,174.65,171.72,172.35,4203729.0
2016-07-06,172.54,177.05,172.54,175.61,5086615.0
2016-07-07,175.71,177.15,174.27,176.96,4452177.0
2016-07-08,176.96,183.24,175.8,181.08,6240986.0
2016-07-11,182.43,184.16,178.68,183.2,4954367.0
2016-07-12,182.81,201.53,181.47,197.74,14033356.0
2016-07-13,195.53,199.47,191.45,193.71,8119221.0
2016-07-14,191.98,195.44,191.98,194.05,4467101.0
2016-07-15,194.43,199.09,193.42,197.21,4276553.0
2016-07-18,194.72,197.79,193.66,195.39,3462692.0
2016-07-19,194.0,194.91,187.95,189.39,5145521.0
2016-07-20,190.06,191.98,188.19,189.58,2491478.0
2016-07-21,188.91,191.74,188.19,188.62,3287394.0
2016-07-22,188.14,189.01,184.35,185.6,3433166.0
2016-07-25,185.6,190.45,183.68,185.26,3463207.0
2016-07-26,185.74,192.37,184.35,192.17,4844319.0
2016-07-27,192.99,193.47,182.48,187.76,9483219.0
2016-07-28,187.08,194.91,186.27,194.91,9491186.0
2016-07-29,195.15,199.18,193.52,195.73,6010445.0
2016-08-01,193.52,195.63,188.91,190.45,4418911.0
2016-08-02,191.07,193.23,187.23,189.87,3983930.0
2016-08-03,189.1,191.41,187.37,190.21,2534068.0
2016-08-04,190.69,190.73,187.52,189.49,2080646.0
2016-08-05,189.58,190.01,185.6,186.32,4653413.0
2016-08-08,185.31,187.23,182.72,186.75,4450456.0
2016-08-09,185.79,189.63,185.79,189.2,4044460.0
2016-08-10,189.39,189.82,187.95,188.28,2428936.0
2016-08-11,188.33,194.24,188.28,190.45,5096974.0
2016-08-12,190.35,190.54,187.28,189.87,3674486.0
2016-08-15,189.92,192.94,186.03,192.03,6864113.0
2016-08-16,191.17,194.48,190.11,191.12,5704243.0
2016-08-17,191.74,192.7,189.63,190.59,3512054.0
2016-08-18,190.11,191.07,186.27,186.7,5397054.0
2016-08-19,186.6,187.71,184.73,185.07,5322659.0
2016-08-22,186.46,187.61,183.1,183.77,4055558.0
2016-08-23,183.87,186.51,183.77,185.21,3976981.0
2016-08-24,184.88,185.69,182.91,183.53,4540508.0
2016-08-25,182.96,183.24,181.04,181.13,4457398.0
2016-08-26,181.56,182.62,180.41,180.99,5173063.0
2016-08-29,181.18,182.19,177.53,177.87,6134604.0
2016-08-30,177.92,180.89,177.92,179.45,4489172.0
2016-08-31,179.07,181.66,178.88,180.41,3899441.0
2016-09-01,181.42,183.77,181.04,182.33,5387796.0
2016-09-02,183.48,183.63,178.44,179.4,4135273.0
2016-09-05,180.7,181.9,179.21,180.32,4462006.0
2016-09-06,181.37,183.29,178.59,182.81,4801053.0
2016-09-07,183.58,183.58,181.28,181.85,3853380.0
2016-09-08,182.72,183.2,181.32,182.24,2671557.0
2016-09-09,182.62,183.39,179.6,179.74,3590232.0
2016-09-12,178.25,182.28,176.19,180.27,4158773.0
2016-09-13,180.27,183.87,180.27,183.39,3449095.0
2016-09-14,183.63,184.78,180.6,182.91,3738009.0
2016-09-19,184.01,187.71,182.96,187.56,4800142.0
2016-09-20,188.04,188.19,185.79,187.42,2376089.0
2016-09-21,187.61,188.91,185.79,187.95,2120904.0
2016-09-22,187.71,191.07,187.32,190.35,3659680.0
2016-09-23,190.35,191.07,187.23,187.23,2280262.0
2016-09-26,185.79,188.24,185.6,185.93,2128756.0
2016-09-27,185.98,190.97,185.93,190.49,3881344.0
2016-09-28,191.79,193.47,190.83,192.7,4008294.0
2016-09-29,192.89,194.43,191.21,192.61,2743288.0
2016-09-30,192.61,199.71,190.49,198.13,4743528.0
2016-10-10,198.03,198.03,186.56,192.32,10918451.0
2016-10-11,190.16,190.4,188.14,189.05,5307920.0
2016-10-12,188.91,190.93,188.14,189.34,2998250.0
2016-10-13,189.77,190.11,185.88,186.41,4977321.0
2016-10-14,186.08,187.23,181.76,183.15,6328590.0
2016-10-17,183.2,186.17,181.95,182.91,3750962.0
2016-10-18,183.39,187.23,182.91,187.23,4530179.0
2016-10-19,187.23,187.23,184.83,185.45,2394167.0
2016-10-20,185.84,186.03,182.48,185.31,2524771.0
2016-10-21,187.95,188.14,184.97,187.18,4821557.0
2016-10-24,187.47,188.67,186.32,186.89,3531252.0
2016-10-25,187.04,187.23,184.4,185.26,5035712.0
2016-10-26,185.26,185.98,182.52,184.01,3635075.0
2016-10-27,183.87,184.83,183.44,184.64,2541935.0
2016-10-28,184.11,185.26,182.96,183.68,3145889.0
2016-10-31,182.48,183.34,180.94,181.66,3972671.0
2016-11-01,181.47,182.48,180.99,182.28,2659070.0
2016-11-02,182.38,182.72,180.99,181.32,2856298.0
2016-11-03,181.37,183.58,180.75,181.47,2749194.0
2016-11-04,181.13,182.72,180.99,181.71,1515804.0
2016-11-07,180.08,183.44,180.08,180.65,2630970.0
2016-11-08,180.99,182.76,180.56,182.57,2389837.0
2016-11-09,182.57,182.62,179.55,181.23,2588910.0
2016-11-10,182.09,183.34,181.23,182.14,3081205.0
2016-11-11,182.76,182.91,179.64,179.88,4525091.0
2016-11-14,180.51,180.89,177.44,178.49,7190540.0
2016-11-15,178.59,179.74,177.63,179.02,2707512.0
2016-11-16,179.26,180.03,178.88,179.55,2663110.0
2016-11-17,178.83,179.64,178.16,179.31,2870909.0
2016-11-18,179.5,179.5,177.58,178.3,3209434.0
2016-11-21,178.4,180.46,177.68,179.26,2710046.0
2016-11-22,179.84,180.22,178.4,178.88,2516473.0
2016-11-23,179.55,180.32,178.78,180.32,3810722.0
2016-11-24,180.08,186.51,178.4,184.11,9135456.0
2016-11-25,182.76,185.55,182.48,184.64,6629491.0
2016-11-28,185.98,188.14,184.83,187.18,7431976.0
2016-11-29,186.36,192.41,185.07,185.5,9988738.0
2016-11-30,184.59,186.17,183.44,185.31,5295393.0
2016-12-01,185.31,189.1,181.95,183.87,6146033.0
2016-12-02,182.67,185.21,181.47,184.06,4330196.0
2016-12-05,182.81,186.65,181.52,181.52,4077667.0
2016-12-06,181.47,183.1,180.51,182.38,2848006.0
2016-12-07,182.33,183.0,180.8,182.52,1541823.0
2016-12-08,182.67,186.56,182.67,185.79,4257846.0
2016-12-09,185.79,185.79,183.39,184.3,2688680.0
2016-12-12,184.44,185.36,177.15,178.78,4499401.0
2016-12-13,178.25,180.41,176.24,177.1,4121544.0
2016-12-14,177.2,179.55,173.31,178.06,6140974.0
2016-12-15,176.86,177.96,173.21,173.69,3113440.0
2016-12-16,173.55,175.8,171.77,172.54,3046149.0
2016-12-19,172.83,175.95,172.83,174.03,3219238.0
2016-12-20,173.79,176.62,173.26,174.7,3976979.0
2016-12-21,175.23,178.3,174.79,176.19,2857887.0
2016-12-22,176.52,179.36,176.52,178.11,2616819.0
2016-12-23,180.03,180.51,176.48,180.08,4180701.0
2016-12-26,179.5,180.6,177.24,180.12,2930658.0
2016-12-27,181.08,181.08,177.63,179.88,2111279.0
2016-12-28,180.12,180.12,176.76,177.53,2946264.0
2016-12-29,176.62,177.15,175.71,176.28,1315557.0
2016-12-30,177.15,178.92,176.19,176.67,2225339.0
2017-01-03,175.71,178.83,175.66,177.34,2399886.0
2017-01-04,178.11,180.89,176.67,180.22,2893966.0
2017-01-05,179.31,181.13,179.31,180.41,1856135.0
2017-01-06,180.89,182.43,179.79,180.03,3370552.0
2017-01-09,180.51,184.11,179.6,183.68,3256753.0
2017-01-10,186.75,188.67,183.48,183.87,4598963.0
2017-01-11,185.26,185.26,181.71,183.24,2085467.0
2017-01-12,183.05,183.05,181.08,181.76,1481488.0
2017-01-13,180.41,182.76,180.41,181.32,3267354.0
2017-01-16,180.99,182.24,175.61,178.92,4510092.0
2017-01-17,177.72,180.03,176.67,179.4,2122070.0
2017-01-18,179.55,181.56,179.26,179.93,2232492.0
2017-01-19,179.98,182.81,179.12,182.09,2282390.0
2017-01-20,183.0,184.11,180.32,183.05,2077122.0
2017-01-23,183.39,184.59,182.52,183.39,2337440.0
2017-01-24,184.83,188.43,183.87,185.31,4544854.0
2017-01-25,187.13,187.23,184.59,186.36,2103925.0
2017-01-26,185.64,188.43,185.64,187.23,2952203.0
2017-02-03,187.32,189.15,186.75,186.89,1191702.0
2017-02-06,186.89,190.97,186.27,189.92,2768348.0
2017-02-07,189.92,191.84,189.25,189.63,3209282.0
2017-02-08,189.2,190.01,186.65,189.25,1955096.0
2017-02-09,189.44,196.21,189.44,195.82,6052480.0
2017-02-10,197.69,197.69,192.99,194.91,2601677.0
2017-02-13,193.71,196.35,192.85,193.33,5054745.0
2017-02-14,193.37,195.29,193.23,194.09,1932745.0
2017-02-15,193.81,195.29,191.89,193.28,2189947.0
2017-02-16,193.09,199.57,192.17,198.46,3790647.0
2017-02-17,198.85,203.94,197.45,199.28,4307025.0
2017-02-20,201.05,210.27,201.05,209.98,9028099.0
2017-02-21,210.51,211.62,207.44,208.02,3946107.0
2017-02-22,209.31,211.04,205.86,207.54,4355383.0
2017-02-23,207.1,211.71,206.96,211.71,4212446.0
2017-02-24,210.66,210.66,203.79,205.42,7143522.0
2017-02-27,205.71,207.3,202.16,203.02,5145846.0
2017-02-28,203.94,206.14,200.24,203.02,4646770.0
2017-03-01,202.83,204.75,200.77,202.83,3310002.0
2017-03-02,203.89,204.85,201.63,201.87,2568800.0
2017-03-03,202.06,206.38,200.96,205.95,2812323.0
2017-03-06,204.94,214.11,204.94,210.85,5539449.0
2017-03-07,208.83,210.7,207.01,207.63,4858636.0
2017-03-08,209.07,209.12,203.94,205.18,6155691.0
2017-03-09,204.75,208.98,203.12,206.38,3476870.0
2017-03-10,207.15,215.99,205.95,213.87,8880513.0
2017-03-13,213.87,222.99,211.52,217.95,5852606.0
2017-03-14,219.44,223.19,216.56,220.07,3971959.0
2017-03-15,220.35,224.67,218.53,221.22,2946430.0
2017-03-16,220.83,224.43,218.34,219.49,4751593.0
2017-03-17,218.67,220.35,215.65,216.23,3526792.0
2017-03-20,215.65,217.23,212.34,214.11,6874021.0
2017-03-21,214.26,225.39,213.15,224.67,5884840.0
2017-03-22,222.27,229.57,221.31,226.93,4760335.0
2017-03-23,226.74,229.96,222.71,226.88,4247576.0
2017-03-24,226.5,231.01,226.07,228.03,3717356.0
2017-03-27,227.89,231.4,227.51,227.55,4156839.0
2017-03-28,227.17,227.79,219.49,221.31,6554822.0
2017-03-29,221.36,225.11,220.59,222.66,3141259.0
2017-03-30,222.61,229.86,221.79,225.35,5616496.0
2017-03-31,227.07,240.04,225.92,238.12,8612644.0
2017-04-05,239.08,239.46,232.98,235.24,9176599.0
2017-04-06,234.76,236.39,232.93,236.34,4630027.0
2017-04-07,236.68,247.19,236.68,243.88,6227496.0
2017-04-10,243.88,246.71,239.89,241.0,4014218.0
2017-04-11,241.19,242.29,234.08,240.56,6764583.0
2017-04-12,240.28,246.85,237.88,245.17,3837702.0
2017-04-13,245.32,255.26,241.48,254.3,5282794.0
2017-04-14,254.1,260.3,251.46,253.77,5511680.0
2017-04-17,252.28,261.64,250.69,259.48,5145646.0
2017-04-18,259.48,276.04,257.94,274.7,8284521.0
2017-04-19,274.84,276.04,267.45,274.36,8290339.0
2017-04-20,274.41,284.59,271.15,272.2,11417543.0
2017-04-21,267.4,274.84,263.56,269.37,8373355.0
2017-04-24,266.44,273.35,256.41,266.3,8285792.0
2017-04-25,266.34,278.2,266.3,276.43,7689667.0
2017-04-26,278.44,279.4,265.29,267.16,14180482.0
2017-04-27,264.04,266.44,258.76,263.08,8135931.0
2017-04-28,262.6,263.94,255.88,261.64,6703542.0
2017-05-02,259.0,268.51,257.22,268.12,6012557.0
2017-05-03,267.16,269.71,260.97,262.65,5732420.0
2017-05-04,263.94,266.3,261.88,262.12,3233946.0
2017-05-05,262.22,268.22,260.97,264.28,3759162.0
2017-05-08,264.76,265.72,249.64,254.82,6202746.0
2017-05-09,250.6,258.57,247.24,257.8,5458147.0
2017-05-10,258.22,264.33,254.57,255.13,6159096.0
2017-05-11,254.69,264.21,253.24,264.21,6673954.0
2017-05-12,267.04,267.1,262.13,264.14,6200656.0
2017-05-15,264.58,269.31,262.69,265.28,4709039.0
2017-05-16,261.31,269.81,258.28,269.37,9674524.0
2017-05-17,264.58,265.65,251.67,257.65,26965552.0
2017-05-18,251.98,255.76,245.05,246.94,17991039.0
2017-05-19,247.26,253.12,247.26,250.6,7803595.0
2017-05-22,251.92,257.09,247.76,255.13,7758630.0
2017-05-23,255.26,259.36,253.94,254.5,7327323.0
2017-05-24,254.25,256.71,247.57,254.5,7566832.0
2017-05-25,255.13,261.75,255.13,261.69,9253420.0
2017-05-26,262.76,265.72,259.42,260.17,5678402.0
2017-05-31,261.43,263.83,257.09,260.05,5007863.0
2017-06-01,257.09,269.62,257.09,266.47,9743207.0
2017-06-02,266.47,268.87,263.58,267.42,4565787.0
2017-06-05,267.42,275.92,267.42,268.36,7546338.0
2017-06-06,268.17,278.38,268.17,278.32,8374714.0
2017-06-07,278.32,284.11,275.99,283.99,9371269.0
2017-06-08,283.8,286.51,281.66,286.32,6296577.0
2017-06-09,284.74,289.03,280.46,284.74,9458420.0
2017-06-12,283.48,285.56,279.14,281.84,6706506.0
2017-06-13,281.78,285.62,279.26,283.55,4842587.0
2017-06-14,283.17,283.48,269.62,272.46,11606338.0
2017-06-15,272.77,275.29,268.36,270.88,6713999.0
2017-06-16,270.44,272.77,269.43,271.51,3967934.0
2017-06-19,271.51,276.87,271.51,274.98,4893307.0
2017-06-20,276.55,276.62,269.62,272.14,6757921.0
2017-06-21,273.91,278.76,272.46,278.76,8857913.0
2017-06-22,278.76,282.85,274.73,274.79,8396139.0
2017-06-23,274.22,277.18,268.36,276.55,8348421.0
2017-06-26,275.55,278.69,270.25,273.66,12801027.0
2017-06-27,273.66,273.66,267.8,270.13,8418402.0
2017-06-28,270.06,273.97,267.92,270.25,7413723.0
2017-06-29,269.5,272.14,266.35,268.68,7121795.0
2017-06-30,268.36,274.98,267.73,273.91,7812677.0
2017-07-03,273.91,275.67,267.92,268.36,6805960.0
2017-07-04,268.36,268.87,256.27,256.65,12857310.0
2017-07-05,254.19,263.45,254.19,262.57,7065480.0
2017-07-06,262.44,266.85,259.73,262.38,4608407.0
2017-07-07,262.38,266.35,258.28,258.28,5123950.0
2017-07-10,258.85,261.43,257.65,260.3,4020765.0
2017-07-11,260.68,269.25,259.1,267.17,7029440.0
2017-07-12,267.8,270.69,266.54,270.25,6571630.0
2017-07-13,269.62,273.21,267.86,270.76,5583366.0
2017-07-14,270.25,271.89,266.16,267.73,4488203.0
2017-07-17,266.98,269.31,258.22,265.65,4559353.0
2017-07-18,262.69,264.58,257.02,260.68,5161058.0
2017-07-19,260.68,264.52,258.41,263.64,3517446.0
2017-07-20,263.51,266.22,258.35,264.58,5749549.0
2017-07-21,264.58,266.91,261.56,263.83,4919683.0
2017-07-24,264.46,273.59,263.39,270.76,6961937.0
2017-07-25,272.77,272.77,268.99,270.25,4085279.0
2017-07-26,269.62,270.76,261.94,263.64,4655837.0
2017-07-27,263.32,263.64,251.8,255.76,12033468.0
2017-07-28,255.76,257.97,252.68,255.76,8044300.0
2017-07-31,257.72,257.91,252.3,253.94,5658772.0
2017-08-01,253.06,254.57,247.57,250.28,10954803.0
2017-08-02,250.79,250.79,246.5,247.95,6771332.0
2017-08-03,247.57,250.35,245.12,246.13,7104301.0
2017-08-04,245.75,247.76,242.28,242.47,5516308.0
2017-08-07,242.28,247.7,237.18,246.69,7397188.0
2017-08-08,246.25,248.58,244.49,245.75,3714035.0
2017-08-09,245.68,251.98,243.48,249.59,12513173.0
2017-08-10,249.65,252.43,249.09,251.98,6103958.0
2017-08-11,252.43,253.12,247.95,248.58,4812142.0
2017-08-14,247.57,253.31,247.57,252.17,6108334.0
2017-08-15,251.98,253.37,247.57,248.58,6674516.0
2017-08-16,248.58,251.29,246.38,247.2,5280476.0
2017-08-17,246.38,247.13,243.17,245.18,5423082.0
2017-08-18,244.74,244.93,241.91,244.43,3908532.0
2017-08-21,244.43,247.83,244.43,246.13,3523240.0
2017-08-22,246.88,248.33,245.68,246.57,3457598.0
2017-08-23,247.57,247.76,245.68,246.06,2446791.0
2017-08-24,246.06,252.36,244.74,252.24,6261265.0
2017-08-25,251.98,255.51,251.48,253.31,5169238.0
2017-08-28,253.12,254.69,251.1,253.31,4906632.0
2017-08-29,253.18,253.87,248.9,249.46,4369965.0
2017-08-30,249.97,251.42,248.33,249.21,4173778.0
2017-08-31,249.97,249.97,246.38,247.26,3966973.0
2017-09-01,248.2,248.2,243.23,243.86,6226601.0
2017-09-04,243.86,243.86,240.71,241.72,5816520.0
2017-09-05,241.91,243.92,239.89,243.17,7549954.0
2017-09-06,243.23,245.37,240.96,245.05,5966403.0
2017-09-07,245.05,245.94,242.98,244.99,4618638.0
2017-09-08,245.24,246.82,243.98,246.13,4123426.0
2017-09-11,246.06,251.8,245.18,251.35,6212515.0
2017-09-12,251.92,253.18,247.51,249.78,6579324.0
2017-09-13,251.48,261.43,248.9,261.12,10510990.0
2017-09-14,261.56,263.01,257.28,257.97,6154200.0
2017-09-15,257.97,269.5,257.72,267.67,10657512.0
2017-09-18,267.1,270.88,264.39,268.17,7003462.0
2017-09-19,268.99,269.43,261.81,263.07,5022672.0
2017-09-20,262.25,266.41,261.75,265.34,3675766.0
2017-09-21,264.58,267.61,261.43,264.46,2805103.0
2017-09-22,263.76,275.92,263.32,271.64,7814392.0
2017-09-25,271.64,273.97,266.79,267.54,4009486.0
2017-09-26,266.16,267.42,255.76,261.06,6460472.0
2017-09-27,260.49,262.69,258.47,261.37,3764698.0
2017-09-28,260.24,263.64,260.24,261.75,3410302.0
2017-09-29,261.24,269.31,261.24,266.16,4217300.0
2017-10-09,270.88,280.21,268.17,278.51,11403717.0
2017-10-10,277.75,289.85,277.31,288.52,13515584.0
2017-10-11,289.78,294.76,284.18,288.52,10971368.0
2017-10-12,288.52,290.48,285.5,289.28,5949773.0
2017-10-13,290.92,297.34,289.78,297.22,7927872.0
2017-10-16,298.29,305.85,295.51,298.35,9644949.0
2017-10-17,301.12,304.21,294.19,300.49,5772340.0
2017-10-18,302.07,303.2,297.34,299.99,5461169.0
2017-10-19,299.55,303.33,295.33,295.51,6413766.0
2017-10-20,294.13,297.85,286.7,290.6,6994035.0
2017-10-23,292.24,297.34,290.41,291.36,6850768.0
2017-10-24,293.44,295.45,289.78,291.04,6937575.0
2017-10-25,291.04,304.78,290.6,302.82,8749836.0
2017-10-26,300.11,307.36,292.93,294.13,13531168.0
2017-10-27,293.44,296.65,290.35,296.52,6003008.0
2017-10-30,297.85,301.63,290.29,293.25,6326388.0
2017-10-31,294.51,295.2,290.29,292.74,4082412.0
2017-11-01,292.74,298.92,292.18,294.07,5319505.0
2017-11-02,294.07,302.26,293.56,302.26,7631695.0
2017-11-03,302.7,303.64,293.0,293.88,7355012.0
2017-11-06,294.32,304.27,292.49,304.21,9429342.0
2017-11-07,304.4,311.77,301.12,304.9,8366312.0
2017-11-08,304.96,309.63,300.49,300.81,6548177.0
2017-11-09,299.86,308.93,295.14,308.93,8211309.0
2017-11-10,310.44,315.04,304.59,314.98,7918339.0
2017-11-13,317.19,317.19,311.33,314.29,5083678.0
2017-11-14,314.22,314.73,305.41,307.36,5048568.0
2017-11-15,303.01,308.56,296.33,303.33,6450170.0
2017-11-16,302.0,305.97,297.34,305.22,3792107.0
2017-11-17,304.84,305.66,294.82,294.88,6006965.0
2017-11-20,292.18,299.17,287.14,297.97,6059321.0
2017-11-21,298.48,313.47,297.66,312.84,14132094.0
2017-11-22,316.81,316.81,304.27,306.54,7112773.0
2017-11-23,306.48,306.79,293.75,296.08,6512649.0
2017-11-24,292.93,297.66,283.48,286.63,7003708.0
2017-11-27,286.51,286.51,277.18,281.03,7072694.0
2017-11-28,280.33,286.51,277.18,284.49,3719071.0
2017-11-29,284.74,286.0,277.81,280.4,3632659.0
2017-11-30,280.21,285.31,278.44,281.03,4407198.0
2017-12-01,281.91,291.29,280.58,287.77,4586577.0
2017-12-04,287.77,290.54,285.5,289.78,3442859.0
2017-12-05,289.72,292.74,288.21,290.66,3101745.0
2017-12-06,285.62,288.84,278.63,284.74,4555755.0
2017-12-07,283.8,286.32,280.02,280.27,2802994.0
2017-12-08,278.44,289.47,278.44,286.25,3634674.0
2017-12-11,289.53,299.8,287.77,299.67,5968545.0
2017-12-12,299.55,301.12,296.46,298.41,4272765.0
2017-12-13,297.97,305.66,297.34,304.33,3525124.0
2017-12-14,304.33,306.41,300.49,304.33,3724977.0
2017-12-15,304.59,307.86,299.23,300.05,2956664.0
2017-12-18,299.55,305.78,299.55,302.38,2303028.0
2017-12-19,301.88,312.33,301.88,310.95,5959129.0
2017-12-20,310.95,313.66,306.79,307.86,4682320.0
2017-12-21,309.69,316.3,296.71,313.72,5187104.0
2017-12-22,313.66,315.8,310.63,314.04,2923502.0
2017-12-25,313.41,319.26,312.27,316.24,4169364.0
2017-12-26,317.5,320.52,307.11,309.12,4181899.0
2017-12-27,309.81,311.07,300.55,302.26,4847211.0
2017-12-28,304.27,306.67,301.69,304.65,5384854.0
2017-12-29,304.65,306.67,301.06,303.01,4001224.0
2018-01-02,304.15,314.16,303.96,313.09,8045332.0
2018-01-03,310.7,314.98,309.94,312.15,7759123.0
2018-01-04,310.0,313.66,307.86,309.88,6463201.0
2018-01-05,310.82,311.33,302.38,304.78,6164362.0
2018-01-08,304.78,315.3,304.59,312.9,11088437.0
2018-01-09,312.46,320.52,308.05,318.7,8719698.0
2018-01-10,318.76,326.57,316.3,324.81,8304805.0
2018-01-11,323.17,326.89,314.98,315.8,8045967.0
2018-01-12,317.69,330.73,316.11,330.73,10089199.0
2018-01-15,330.48,343.33,328.71,335.01,10582541.0
2018-01-16,333.31,343.33,331.42,336.65,8090672.0
2018-01-17,338.79,339.36,325.82,326.95,6585572.0
2018-01-18,329.97,333.56,327.01,331.17,3821999.0
2018-01-19,329.85,336.78,322.1,323.17,4558537.0
2018-01-22,326.95,340.18,325.12,340.12,7812493.0
2018-01-23,337.85,342.64,333.88,338.73,6120466.0
2018-01-24,339.86,341.82,331.36,339.55,6161732.0
2018-01-25,337.97,340.43,329.53,331.8,6805118.0
2018-01-26,333.31,342.07,330.73,340.68,5444297.0
2018-01-29,339.99,339.99,327.58,328.52,5920674.0
2018-01-30,328.08,331.86,321.28,325.5,4081091.0
2018-01-31,325.56,341.38,324.49,337.09,6259345.0
2018-02-01,337.03,341.12,328.27,332.93,5119710.0
2018-02-02,331.99,342.7,329.47,342.7,6119023.0
2018-02-05,334.82,340.12,323.99,328.34,6841438.0
2018-02-06,316.87,319.89,306.35,308.18,7131359.0
2018-02-07,314.98,320.02,297.34,298.03,8702590.0
2018-02-08,297.22,308.18,297.22,305.03,3681909.0
2018-02-09,295.96,305.72,286.0,299.23,9756793.0
2018-02-12,302.38,309.44,301.94,307.42,4368147.0
2018-02-13,308.68,313.59,305.15,307.17,3278130.0
2018-02-14,308.68,316.49,306.22,315.55,2752312.0
2018-02-22,316.3,323.49,316.3,319.83,3141829.0
2018-02-23,319.71,322.79,314.1,315.23,3171722.0
2018-02-26,316.87,318.51,310.57,316.3,4070651.0
2018-02-27,284.68,284.68,284.68,284.68,4409500.0
2018-02-28,256.21,265.84,256.21,256.21,53616656.0
2018-03-01,251.61,256.58,244.24,251.23,49168445.0
2018-03-02,248.39,253.69,247.45,250.79,20235315.0
2018-03-05,250.79,251.54,244.43,245.81,17682470.0
2018-03-06,243.54,247.26,240.02,244.87,23834862.0
2018-03-07,243.23,247.26,242.22,245.87,16621106.0
2018-03-08,246.06,246.94,241.28,246.44,14016845.0
2018-03-09,246.44,251.04,245.75,250.35,19872931.0
2018-03-12,251.98,252.68,248.83,250.22,17118337.0
2018-03-13,250.41,251.54,249.4,250.6,12478410.0
2018-03-14,250.54,256.08,249.91,253.94,20649535.0
2018-03-15,253.69,253.69,250.09,251.67,12270001.0
2018-03-16,251.54,251.67,243.35,244.17,16089831.0
2018-03-19,246.63,246.94,244.3,244.93,9314720.0
2018-03-20,243.48,243.67,233.09,238.76,18127552.0
2018-03-21,238.57,240.27,235.1,235.79,11115647.0
2018-03-22,233.97,236.99,227.16,227.48,16236809.0
2018-03-23,219.23,221.81,211.04,214.19,20460486.0
2018-03-26,211.92,222.38,209.21,222.25,13400716.0
2018-03-27,223.13,234.22,223.13,231.76,18087570.0
2018-03-28,228.68,235.48,226.09,231.01,12080221.0
2018-03-29,233.53,234.79,227.73,233.15,9057793.0
2018-03-30,234.03,234.09,230.31,230.82,8630534.0
2018-04-02,232.14,232.14,223.7,224.33,11072025.0
2018-04-03,221.87,228.68,219.23,224.64,8960635.0
2018-04-04,224.96,228.61,222.06,222.82,9298478.0
2018-04-09,222.82,224.9,219.29,223.64,6793300.0
2018-04-10,226.79,227.98,222.06,224.39,10349225.0
2018-04-11,224.9,226.41,221.49,221.62,10270168.0
2018-04-12,222.38,222.38,215.51,216.45,9950535.0
2018-04-13,218.97,218.97,214.63,215.19,6964157.0
2018-04-16,216.9,217.02,210.66,210.66,10127819.0
2018-04-17,210.72,211.67,204.99,206.44,11015402.0
2018-04-18,206.88,208.27,201.65,205.37,8483245.0
2018-04-19,205.3,213.56,203.23,211.79,12163270.0
2018-04-20,211.98,215.89,209.02,209.46,11102445.0
2018-04-23,209.27,215.57,206.88,215.07,8803765.0
2018-04-24,215.51,219.35,214.19,216.58,13740652.0
2018-04-25,215.45,217.46,212.36,213.87,8990181.0
2018-04-26,214.19,215.13,206.63,206.75,7930135.0
2018-04-27,207.82,212.86,204.55,210.66,8299496.0
2018-05-02,213.24,223.13,212.42,222.5,18347465.0
2018-05-03,222.75,229.12,221.24,225.4,15142414.0
2018-05-04,225.53,232.39,222.75,230.19,15158588.0
2018-05-07,232.14,233.65,228.05,231.32,12481160.0
2018-05-08,229.94,236.24,229.94,234.85,11397218.0
2018-05-09,234.85,238.76,231.83,238.19,9749289.0
2018-05-10,240.65,244.17,239.7,243.1,15704435.0
2018-05-11,242.54,243.48,238.13,241.78,10872070.0
2018-05-14,240.96,241.91,238.57,239.64,7832247.0
2018-05-15,241.5,241.5,230.25,234.69,16288097.0
2018-05-16,234.56,239.57,232.63,239.12,12484742.0
2018-05-17,238.93,238.93,229.93,231.54,9313965.0
2018-05-18,231.35,236.04,230.7,235.01,5812656.0
2018-05-21,237.77,239.25,234.5,235.65,5030432.0
2018-05-22,236.49,236.75,230.7,232.83,6153944.0
2018-05-23,233.79,233.79,230.7,231.93,5462899.0
2018-05-24,232.57,233.21,227.88,228.78,7237220.0
2018-05-25,227.04,228.78,218.49,218.94,11621213.0
2018-05-28,219.65,222.74,218.49,222.54,12331573.0
2018-05-29,222.8,228.2,222.54,225.56,8372496.0
2018-05-30,222.67,222.67,215.28,217.6,8821690.0
2018-05-31,218.88,228.13,218.82,228.13,10985005.0
2018-06-01,228.13,235.72,224.41,235.65,16162148.0
2018-06-04,235.59,242.79,233.85,236.87,17982091.0
2018-06-05,236.87,237.2,231.48,236.62,11291975.0
2018-06-06,236.1,236.1,230.45,231.48,10211909.0
2018-06-07,233.15,237.26,231.48,231.6,8442373.0
2018-06-08,229.55,234.24,228.84,230.13,7670267.0
2018-06-11,230.7,231.28,225.05,226.72,7503892.0
2018-06-12,226.85,239.7,225.69,238.16,16329090.0
2018-06-13,237.77,239.89,234.37,237.13,13065686.0
2018-06-14,236.1,239.7,232.7,234.3,9351063.0
2018-06-15,233.53,235.85,228.13,231.35,7679170.0
2018-06-19,228.26,230.96,217.21,220.42,12011723.0
2018-06-20,220.29,226.46,218.62,223.96,6334822.0
2018-06-21,223.06,228.01,220.68,221.07,6493704.0
2018-06-22,219.14,223.06,217.21,221.45,4713622.0
2018-06-25,222.35,225.05,215.67,215.92,7701539.0
2018-06-26,212.07,214.9,208.79,211.04,8354085.0
2018-06-27,210.78,213.03,201.85,202.11,9376256.0
2018-06-28,199.34,201.66,187.97,191.12,14785233.0
2018-06-29,191.18,197.16,191.18,196.77,8426512.0
2018-07-02,196.65,199.34,186.68,190.15,9455646.0
2018-07-03,192.15,192.79,183.6,190.03,8538143.0
2018-07-04,191.05,192.34,180.97,181.86,10023745.0
2018-07-05,183.15,184.56,179.87,180.0,8713740.0
2018-07-06,181.67,186.11,176.72,182.38,9121591.0
2018-07-09,184.31,187.07,181.74,186.36,8772460.0
2018-07-10,187.46,187.46,180.26,181.67,12095721.0
2018-07-11,179.23,179.29,171.97,174.8,14452829.0
2018-07-12,173.51,185.01,173.51,183.47,16859612.0
2018-07-13,181.74,182.83,179.1,179.81,15724557.0
2018-07-16,180.58,181.67,174.8,177.11,8999681.0
2018-07-17,177.37,179.49,175.82,179.42,6916007.0
2018-07-18,179.42,180.45,174.41,175.12,9167871.0
2018-07-19,176.72,176.92,173.83,174.86,6657474.0
2018-07-20,174.86,177.88,172.35,176.72,7410822.0
2018-07-23,176.79,180.9,176.15,180.58,9912153.0
2018-07-24,180.58,190.15,180.58,190.15,16866805.0
2018-07-25,190.28,191.05,186.3,187.07,11195497.0
2018-07-26,187.65,188.23,182.96,184.44,9791719.0
2018-07-27,183.79,186.04,181.54,183.73,6207710.0
2018-07-30,183.79,186.04,182.89,184.31,6133452.0
2018-07-31,184.82,186.17,183.99,184.95,4536401.0
2018-08-01,184.05,186.11,176.72,177.3,9174474.0
2018-08-02,175.44,176.15,165.54,168.37,10248217.0
2018-08-03,168.56,169.91,160.02,160.53,11862629.0
2018-08-06,160.02,161.62,155.52,158.92,9849112.0
2018-08-07,160.02,164.83,158.09,164.45,7652572.0
2018-08-08,164.39,164.39,157.51,158.41,10405543.0
2018-08-09,156.8,163.61,156.67,162.91,9825138.0
2018-08-10,163.36,169.46,162.59,168.24,11042134.0
2018-08-13,165.09,170.23,163.36,169.59,6972981.0
2018-08-14,170.88,171.45,167.92,169.14,5597062.0
2018-08-15,170.94,170.94,164.58,166.89,4770974.0
2018-08-16,163.49,167.86,162.39,163.87,4816178.0
2018-08-17,166.12,167.28,158.41,159.24,5360764.0
2018-08-20,158.73,163.23,158.41,163.04,5026972.0
2018-08-21,163.49,166.12,162.33,164.64,5626944.0
2018-08-22,163.74,164.45,157.44,158.6,8392882.0
2018-08-23,150.63,153.07,146.52,147.68,25492010.0
2018-08-24,145.17,145.68,141.7,142.66,19708151.0
2018-08-27,143.31,146.07,142.41,145.75,17240476.0
2018-08-28,145.75,149.93,145.11,149.35,16805861.0
2018-08-29,149.09,150.38,146.26,146.78,10052820.0
2018-08-30,147.55,148.32,145.68,147.29,7852188.0
2018-08-31,146.58,146.58,140.67,141.38,11106968.0
2018-09-03,139.9,142.02,137.97,140.8,7433837.0
2018-09-04,141.31,143.05,139.84,142.99,8601132.0
2018-09-05,142.41,142.99,138.68,138.81,7867634.0
2018-09-06,138.36,140.61,133.86,135.27,10343372.0
2018-09-07,135.79,137.91,134.31,135.4,9440049.0
2018-09-10,134.95,136.62,130.84,135.85,9107436.0
2018-09-11,135.27,139.52,133.09,136.75,9049061.0
2018-09-12,136.56,139.77,135.98,137.84,9379241.0
2018-09-13,139.52,140.41,136.56,139.32,7557629.0
2018-09-14,139.32,141.76,138.68,140.16,8291273.0
2018-09-17,138.23,138.87,136.37,136.69,5292575.0
2018-09-18,136.62,141.38,135.79,140.99,10234860.0
2018-09-19,140.35,149.09,140.16,148.32,13875674.0
2018-09-20,148.32,153.97,146.58,151.28,16060013.0
2018-09-21,151.6,158.02,149.8,156.42,12936793.0
2018-09-25,153.59,154.04,150.38,153.33,7562061.0
2018-09-26,153.33,154.62,149.93,151.98,9999078.0
2018-09-27,152.11,152.11,148.0,149.54,8370639.0
2018-09-28,150.18,152.3,148.7,150.5,8231740.0
2018-10-08,146.01,146.07,140.41,141.51,10525526.0
2018-10-09,142.34,144.08,141.38,142.09,5273654.0
2018-10-10,142.47,143.76,139.26,140.8,4184950.0
2018-10-11,136.11,136.11,128.59,129.81,9717808.0
2018-10-12,130.13,131.74,125.83,130.0,8035068.0
2018-10-15,130.52,130.97,126.47,126.92,5881017.0
2018-10-16,126.79,128.46,122.1,122.23,7094992.0
2018-10-17,124.03,125.18,119.66,123.71,6539406.0
2018-10-18,122.87,128.46,120.69,125.31,8987783.0
2018-10-19,123.84,129.17,121.78,128.98,9882953.0
2018-10-22,131.55,138.81,129.68,137.33,10921491.0
2018-10-23,138.49,138.49,131.68,132.9,8091719.0
2018-10-24,132.57,135.27,131.16,131.93,4519575.0
2018-10-25,124.03,130.84,122.61,130.33,8651667.0
2018-10-26,134.12,134.18,129.94,132.77,5657986.0
2018-10-29,132.83,132.83,127.24,127.63,5706463.0
2018-10-30,127.18,135.27,126.53,135.27,9264256.0
2018-10-31,134.7,136.05,133.86,134.95,7090644.0
2018-11-01,136.69,139.19,134.37,135.34,8816840.0
2018-11-02,138.04,145.75,137.07,143.37,14709351.0
2018-11-05,142.54,147.68,140.48,143.37,9887498.0
2018-11-06,142.66,142.66,138.1,138.81,7503806.0
2018-11-07,139.77,139.97,136.75,137.59,5286305.0
2018-11-08,138.87,139.39,135.4,135.72,4409669.0
2018-11-09,134.82,135.6,132.38,134.18,4254036.0
2018-11-12,132.83,138.23,132.83,138.23,6202565.0
2018-11-13,136.11,141.31,135.34,139.77,7577877.0
2018-11-14,139.77,140.03,136.3,136.56,6505209.0
2018-11-15,136.82,139.32,136.37,139.13,5908721.0
2018-11-16,141.12,143.5,138.81,142.28,9633312.0
2018-11-19,142.6,144.59,140.29,144.4,7792361.0
2018-11-20,142.79,143.69,138.81,138.87,9013358.0
2018-11-21,135.6,138.68,135.47,137.65,5825024.0
2018-11-22,138.17,144.21,137.46,144.08,8703385.0
2018-11-23,143.69,143.69,138.49,139.13,8042521.0
2018-11-26,139.45,140.09,135.6,136.56,5998194.0
2018-11-27,137.39,138.49,134.95,135.6,4339343.0
2018-11-28,136.05,137.39,133.28,136.56,4219768.0
2018-11-29,137.65,138.68,131.74,131.8,5571086.0
2018-11-30,132.19,134.44,130.2,134.05,4106416.0
2018-12-03,137.65,140.61,137.33,139.32,11177705.0
2018-12-04,138.81,140.41,138.23,139.9,5053488.0
2018-12-05,137.52,139.77,137.07,138.81,4790034.0
2018-12-06,137.72,138.04,134.18,135.27,5160499.0
2018-12-07,134.89,136.24,134.5,134.63,2237812.0
2018-12-10,133.67,134.57,130.58,131.61,3664180.0
2018-12-11,131.48,135.53,131.48,135.27,3781803.0
2018-12-12,135.92,137.52,135.08,135.34,2792115.0
2018-12-13,135.34,148.9,135.15,148.9,32510410.0
2018-12-14,147.81,148.38,144.59,145.49,18250414.0
2018-12-17,145.36,145.94,141.7,144.34,11228366.0
2018-12-18,142.92,144.27,139.64,141.89,10420905.0
2018-12-19,142.47,144.08,140.22,141.96,8691007.0
2018-12-20,140.8,143.24,139.84,142.6,8619395.0
2018-12-21,141.19,143.11,138.87,142.99,9866606.0
2018-12-24,141.64,144.46,141.51,142.54,7273512.0
2018-12-25,139.64,140.86,133.47,137.84,8797769.0
2018-12-26,137.97,137.97,131.74,132.25,9235615.0
2018-12-27,134.57,135.08,131.1,131.1,6693999.0
2018-12-28,131.61,132.19,128.91,129.75,4401951.0
2019-01-02,129.68,131.29,127.31,127.88,4472769.0
2019-01-03,127.95,129.68,126.6,127.31,4207068.0
2019-01-04,124.54,131.8,124.54,130.9,7389743.0
2019-01-07,132.06,133.02,131.16,132.19,6683748.0
2019-01-08,131.1,134.89,130.2,132.45,4872809.0
2019-01-09,140.09,145.68,137.27,141.38,23962213.0
2019-01-10,140.29,142.79,138.49,139.45,10523519.0
2019-01-11,139.77,141.12,137.97,140.29,6235245.0
2019-01-14,140.8,141.76,138.29,139.32,6986123.0
2019-01-15,139.07,143.76,139.07,142.09,9178389.0
2019-01-16,142.09,144.78,141.12,143.95,9433632.0
2019-01-17,143.95,152.05,142.41,148.06,14073845.0
2019-01-18,146.13,155.39,146.13,153.85,12554909.0
2019-01-21,154.17,158.09,151.66,153.85,10724060.0
2019-01-22,154.23,154.68,151.15,152.18,6494634.0
2019-01-23,152.3,155.0,151.66,154.17,6256176.0
2019-01-24,153.59,162.78,153.07,160.4,10903243.0
2019-01-25,160.47,166.83,159.95,163.87,9737701.0
2019-01-28,163.87,166.12,158.73,159.57,9589240.0
2019-01-29,161.11,162.26,156.67,160.4,7287726.0
2019-01-30,160.59,162.59,157.57,158.41,6059625.0
2019-01-31,158.73,162.07,155.26,156.61,9970283.0
2019-02-01,158.28,163.61,158.28,162.01,10607476.0
2019-02-11,161.94,165.73,160.14,164.83,11012217.0
2019-02-12,164.0,165.16,161.04,162.59,10633870.0
2019-02-13,162.26,163.81,159.69,162.97,12937610.0
2019-02-14,162.59,166.38,159.37,165.86,14003945.0
2019-02-15,164.96,164.96,158.73,158.92,12505324.0
2019-02-18,159.69,167.08,159.37,166.96,14998802.0
2019-02-19,166.96,168.95,161.81,163.87,13769956.0
2019-02-20,164.19,164.77,160.85,162.46,11251824.0
2019-02-21,162.97,165.48,160.79,161.81,13683013.0
2019-02-22,160.66,161.75,155.71,159.12,20729321.0
2019-02-25,160.66,166.83,159.37,166.44,23864817.0
2019-02-26,165.41,165.8,162.2,163.23,22193794.0
2019-02-27,163.36,165.09,159.12,161.62,17992363.0
2019-02-28,161.3,161.3,157.96,159.69,12426176.0
2019-03-01,160.66,163.04,159.69,162.91,12540450.0
2019-03-04,164.51,175.44,164.51,172.55,31530533.0
2019-03-05,172.74,184.11,171.71,183.79,27991323.0
2019-03-06,183.79,187.71,178.65,184.31,21178533.0
2019-03-07,182.51,182.83,176.72,179.1,17304656.0
2019-03-08,172.8,175.89,169.72,170.68,17958225.0
2019-03-11,169.72,174.6,169.01,174.15,13884846.0
2019-03-12,175.44,176.02,171.07,173.19,12888856.0
2019-03-13,172.29,172.29,167.08,168.05,11550533.0
2019-03-14,167.92,170.62,166.96,168.56,10336310.0
2019-03-15,170.17,183.86,170.04,180.26,28941737.0
2019-03-18,181.86,189.51,178.39,186.43,27364927.0
2019-03-19,186.94,190.09,180.77,185.72,18474827.0
2019-03-20,183.66,186.62,179.94,183.41,13898407.0
2019-03-21,181.86,185.01,180.45,181.93,9199034.0
2019-03-22,182.96,184.11,179.29,182.25,11639087.0
2019-03-25,179.17,192.15,177.49,184.11,23845630.0
2019-03-26,186.49,193.05,183.86,189.06,29035322.0
2019-03-27,190.54,200.24,186.88,199.02,26199555.0
2019-03-28,196.32,208.86,195.36,202.24,22955309.0
2019-03-29,204.68,208.53,197.93,206.93,17477811.0
2019-04-01,205.64,224.86,205.64,224.86,23803126.0
2019-04-02,222.86,224.92,214.9,217.21,21866152.0
2019-04-03,214.64,221.0,209.56,220.94,17845855.0
2019-04-04,217.72,220.36,212.65,215.28,18562196.0
2019-04-08,212.71,217.21,205.64,208.28,20405882.0
2019-04-09,207.57,213.87,207.57,213.16,18604626.0
2019-04-10,206.93,212.07,204.49,208.47,16015450.0
2019-04-11,208.66,208.66,200.05,201.14,15542377.0
2019-04-12,204.1,206.22,200.12,204.61,12013696.0
2019-04-15,206.93,210.27,204.61,204.87,14109603.0
2019-04-16,203.01,210.78,201.79,210.78,12654200.0
2019-04-17,211.23,211.62,205.13,208.86,15690818.0
2019-04-18,211.75,215.41,207.51,207.96,15155821.0
2019-04-19,205.64,211.3,201.14,207.83,14352050.0
2019-04-22,205.64,205.64,197.22,197.35,18465306.0
2019-04-23,195.87,197.22,189.9,192.21,16618288.0
2019-04-24,192.21,193.82,189.58,192.4,10130401.0
2019-04-25,194.4,196.32,189.96,190.22,12398488.0
2019-04-26,188.23,189.25,184.63,185.72,12179273.0
2019-04-29,187.13,192.02,183.79,188.16,12424002.0
2019-04-30,186.36,190.15,185.59,187.52,8201081.0
2019-05-06,173.57,178.59,169.72,170.3,17031409.0
2019-05-07,172.23,175.05,166.44,170.1,13755695.0
2019-05-08,167.08,171.58,164.58,168.43,11428069.0
2019-05-09,167.73,169.65,164.39,168.5,9977170.0
2019-05-10,170.17,176.6,165.86,176.6,12818065.0
2019-05-13,173.57,175.44,171.71,174.09,6305778.0
2019-05-14,169.98,174.47,169.33,174.15,10014577.0
2019-05-15,176.08,177.94,174.09,176.53,9441114.0
2019-05-16,177.04,177.88,175.25,176.15,6076035.0
2019-05-17,177.75,178.01,167.66,170.1,9961404.0
2019-05-20,170.17,171.9,168.5,171.33,7488268.0
2019-05-21,173.25,180.26,171.45,178.72,12801424.0
2019-05-22,180.9,181.22,176.15,176.79,7619518.0
2019-05-23,176.08,176.08,172.03,175.12,5637896.0
2019-05-24,174.35,176.4,173.0,173.83,5074133.0
2019-05-27,174.16,174.23,167.87,173.77,10174855.0
2019-05-28,172.24,175.42,171.58,175.42,7250677.0
2019-05-29,173.5,174.1,172.37,172.64,4769896.0
2019-05-30,170.92,171.78,167.87,168.93,5689523.0
2019-05-31,169.92,170.59,167.61,168.0,4663066.0
2019-06-03,168.07,169.86,166.61,168.87,5964161.0
2019-06-04,168.8,169.66,160.46,162.71,8919958.0
2019-06-05,163.63,165.36,159.73,164.3,8786744.0
2019-06-06,164.16,164.16,160.12,161.05,6510986.0
2019-06-10,162.18,163.83,160.32,162.18,4597830.0
2019-06-11,162.24,172.71,162.18,171.58,11530839.0
2019-06-12,171.65,173.17,169.2,171.65,6879781.0
2019-06-13,171.91,172.11,168.67,170.12,4006283.0
2019-06-14,170.52,171.71,167.41,168.2,5021770.0
2019-06-17,168.53,170.92,168.2,168.73,3121132.0
2019-06-18,168.27,169.79,166.42,167.94,2622363.0
2019-06-19,172.51,176.28,169.79,169.99,6146067.0
2019-06-20,170.85,176.28,169.99,175.09,9965394.0
2019-06-21,176.55,177.81,174.23,176.81,7774473.0
2019-06-24,176.94,178.47,175.49,177.87,5608810.0
2019-06-25,180.45,180.79,174.23,177.21,6635879.0
2019-06-26,176.68,178.73,175.16,178.2,4499666.0
2019-06-27,178.8,181.12,178.6,179.66,6923277.0
2019-06-28,179.79,180.12,176.81,179.73,5001542.0
2019-07-01,182.44,186.41,180.79,186.28,10103557.0
2019-07-02,185.95,187.67,185.16,187.01,7632068.0
2019-07-03,186.41,191.18,184.23,187.34,10288189.0
2019-07-04,187.61,191.12,186.08,187.94,6330219.0
2019-07-05,188.07,188.07,183.96,187.14,5224213.0
2019-07-08,187.27,187.27,180.45,183.9,6468498.0
2019-07-09,183.04,186.08,180.12,181.12,6356795.0
2019-07-10,181.65,183.37,179.66,179.99,3468079.0
2019-07-11,180.79,183.77,179.46,182.24,4781879.0
2019-07-12,182.04,182.11,179.73,181.65,4259518.0
2019-07-15,180.26,181.38,171.38,175.22,12298424.0
2019-07-16,174.63,175.35,172.24,173.43,5625361.0
2019-07-17,173.3,173.3,170.85,171.98,5774739.0
2019-07-18,170.92,171.38,168.73,169.53,4357543.0
2019-07-19,169.26,171.98,169.26,169.46,4082612.0
2019-07-22,170.06,171.71,167.01,170.32,4190723.0
2019-07-23,170.85,173.17,170.32,172.24,4848151.0
2019-07-24,172.31,174.49,171.98,172.71,5770524.0
2019-07-25,173.37,173.37,171.58,172.97,3626981.0
2019-07-26,172.71,172.97,171.32,172.37,3415394.0
2019-07-29,172.18,172.18,167.28,168.73,8068731.0
2019-07-30,168.73,170.45,168.0,168.93,6228322.0
2019-07-31,169.26,169.59,164.49,165.36,7608820.0
2019-08-01,165.16,166.55,161.58,162.64,8967677.0
2019-08-02,158.27,158.27,153.04,154.96,16406394.0
2019-08-05,153.5,153.97,150.46,150.59,8016879.0
2019-08-06,147.61,148.2,143.5,147.87,11291899.0
2019-08-07,148.34,150.19,147.08,148.27,6322116.0
2019-08-08,149.93,158.07,149.73,155.95,12133219.0
2019-08-09,157.21,157.61,153.1,153.83,8082878.0
2019-08-12,154.16,156.28,153.7,154.63,4732804.0
2019-08-13,154.96,154.96,150.72,151.98,5529681.0
2019-08-14,155.02,157.41,154.89,155.89,7341033.0
2019-08-15,153.1,157.34,151.05,157.28,5792899.0
2019-08-16,157.54,158.67,156.61,157.01,5874280.0
2019-08-19,159.06,166.68,158.47,164.76,12633532.0
2019-08-20,165.82,166.55,163.63,164.23,6586074.0
2019-08-21,164.1,165.55,162.84,163.9,3801540.0
2019-08-22,164.83,166.81,163.57,165.22,5578294.0
2019-08-23,166.22,166.35,161.78,163.83,7077560.0
2019-08-26,158.8,160.39,152.84,154.76,15263792.0
2019-08-27,160.12,170.26,159.33,168.73,42569738.0
2019-08-28,169.53,170.85,166.81,167.87,24297880.0
2019-08-29,169.46,171.45,167.61,167.87,10543045.0
2019-08-30,169.39,169.53,164.89,165.62,10534723.0
2019-09-02,168.0,173.83,167.54,172.04,10899350.0
2019-09-03,172.04,174.56,170.92,172.37,8879229.0
2019-09-04,173.7,178.67,172.04,177.67,10908599.0
2019-09-05,178.8,183.04,176.22,176.75,9961104.0
2019-09-06,178.6,180.65,175.49,178.73,6084777.0
2019-09-09,182.11,182.11,177.81,179.06,7003921.0
2019-09-10,179.06,180.72,175.69,179.26,5471508.0
2019-09-11,181.12,184.82,181.05,181.78,7263492.0
2019-09-12,182.11,186.88,181.78,185.16,7602191.0
2019-09-16,186.75,186.88,182.44,183.77,4603630.0
2019-09-17,183.7,183.83,176.61,177.94,6850423.0
2019-09-18,178.67,186.22,178.6,185.88,10731372.0
2019-09-19,186.22,192.37,185.42,191.58,11624650.0
2019-09-20,190.78,192.77,188.07,191.38,5573865.0
2019-09-23,189.0,190.06,184.29,188.53,7335133.0
2019-09-24,188.07,188.53,182.9,185.42,9475121.0
2019-09-25,184.1,186.22,180.59,182.44,7869920.0
2019-09-26,182.44,184.1,176.81,178.6,7381743.0
2019-09-27,178.86,180.65,175.09,176.08,7148029.0
2019-09-30,177.14,178.07,174.1,174.16,5489716.0
2019-10-08,176.41,181.45,174.63,176.48,8824368.0
2019-10-09,179.13,181.58,177.14,179.73,6042919.0
2019-10-10,179.66,182.71,177.01,181.98,6419700.0
2019-10-11,181.12,188.93,180.92,187.08,9266503.0
2019-10-14,188.33,190.72,186.81,187.61,5313249.0
2019-10-15,189.79,189.79,185.55,185.55,4143284.0
2019-10-16,187.74,198.07,185.82,194.03,12133097.0
2019-10-17,194.36,197.67,192.37,197.34,8887884.0
2019-10-18,197.87,202.64,192.11,192.9,10617617.0
2019-10-21,195.68,196.15,190.39,193.43,5599911.0
2019-10-22,193.7,198.0,191.51,198.0,7313575.0
2019-10-23,196.55,197.01,191.31,192.11,6825506.0
2019-10-24,191.58,196.41,191.25,192.7,7649938.0
2019-10-25,195.09,195.09,189.26,192.44,4707085.0
2019-10-28,191.12,192.7,186.08,191.45,9757002.0
2019-10-29,197.74,203.3,194.43,199.99,21985212.0
2019-10-30,199.19,205.29,197.67,204.96,11907276.0
2019-10-31,203.5,212.11,203.5,208.66,12185612.0
2019-11-01,211.58,221.84,206.68,218.2,20670795.0
2019-11-04,219.86,221.84,214.89,215.49,12591856.0
2019-11-05,215.22,216.88,211.78,216.35,9646539.0
2019-11-06,215.02,215.22,208.27,211.38,11263712.0
2019-11-07,210.72,213.43,209.39,211.64,8237243.0
2019-11-08,212.9,213.83,204.43,209.39,14051780.0
2019-11-11,205.82,207.74,204.03,206.21,10645644.0
2019-11-12,203.76,210.98,203.76,206.88,13682286.0
2019-11-13,206.21,208.8,204.1,205.09,7173501.0
2019-11-14,205.88,216.15,203.04,215.68,14238145.0
2019-11-15,213.76,214.36,207.6,207.87,9408921.0
2019-11-18,206.74,211.64,204.03,209.26,6297213.0
2019-11-19,209.26,211.51,206.94,209.13,6583460.0
2019-11-20,210.58,212.9,206.81,207.54,6781467.0
2019-11-21,205.68,207.41,203.43,204.16,5580719.0
2019-11-22,206.15,209.46,200.52,201.98,9890188.0
2019-11-25,204.36,204.49,201.18,202.57,5348728.0
2019-11-26,204.36,206.88,201.84,206.21,7894349.0
2019-11-27,205.95,205.95,195.82,198.27,14223950.0
2019-11-28,197.74,199.53,196.81,197.41,5781507.0
2019-11-29,197.41,199.33,193.9,196.68,5492782.0
2019-12-02,198.2,200.78,196.35,197.47,5686164.0
2019-12-03,197.61,203.5,197.54,202.57,8392751.0
2019-12-04,202.44,202.44,199.33,201.05,4280858.0
2019-12-05,201.05,202.7,198.0,201.45,5629095.0
2019-12-06,201.98,204.49,200.72,202.7,5133641.0
2019-12-09,202.7,211.25,199.99,209.92,9651501.0
2019-12-10,209.59,209.92,207.01,207.67,4549938.0
2019-12-11,208.0,210.19,206.08,208.66,5121379.0
2019-12-12,207.94,209.06,204.56,204.96,4805238.0
2019-12-13,206.48,213.7,205.95,213.04,11263037.0
2019-12-16,212.31,215.22,210.39,212.44,8236230.0
2019-12-17,212.44,213.17,207.94,213.17,7872698.0
2019-12-18,212.11,214.23,210.58,211.84,6384573.0
2019-12-19,212.57,213.43,209.66,212.17,5489799.0
2019-12-20,213.17,221.51,213.17,215.15,12740631.0
2019-12-23,218.66,222.5,213.63,215.88,10426746.0
2019-12-24,215.55,219.66,214.43,218.47,3856479.0
2019-12-25,215.88,218.2,213.17,215.62,5055403.0
2019-12-26,214.56,218.86,212.31,218.13,6222904.0
2019-12-27,218.33,220.52,216.81,219.72,6918688.0
2019-12-30,220.19,226.48,217.74,225.82,9649562.0
2019-12-31,225.02,225.02,221.97,223.9,5488661.0
2020-01-02,224.49,230.45,224.16,228.6,8661729.0
2020-01-03,228.73,231.64,226.48,228.4,4503208.0
2020-01-06,227.74,227.74,218.6,220.25,11262875.0
2020-01-07,219.86,221.25,217.34,221.18,9665300.0
2020-01-08,219.79,221.11,217.21,217.27,6396880.0
2020-01-09,219.19,221.25,218.2,220.72,6187431.0
2020-01-10,221.51,223.17,220.19,221.84,6452683.0
2020-01-13,221.91,228.86,220.98,227.54,6485857.0
2020-01-14,227.74,230.98,225.15,230.65,6143842.0
2020-01-15,227.6,231.51,226.28,230.32,6800453.0
2020-01-16,229.06,231.51,225.15,228.8,6300147.0
2020-01-17,230.78,237.74,229.13,237.27,7593665.0
2020-01-20,238.27,239.79,233.76,238.4,7518568.0
2020-01-21,237.74,241.71,232.97,236.41,7120557.0
2020-01-22,234.16,234.95,228.53,233.7,6808998.0
2020-01-23,231.31,231.58,214.29,217.34,13097096.0
2020-02-03,195.62,197.27,195.62,195.62,8337805.0
2020-02-04,193.17,204.29,191.98,201.38,18547847.0
2020-02-05,201.51,206.74,199.33,203.3,9368224.0
2020-02-06,202.84,206.21,200.12,204.29,9942902.0
2020-02-07,203.04,203.1,199.39,201.45,6736499.0
2020-02-10,201.18,209.46,197.74,207.74,10533617.0
2020-02-11,205.29,215.95,204.49,211.84,11180950.0
2020-02-12,211.91,215.15,209.92,212.51,7352155.0
2020-02-13,214.09,221.78,213.1,219.66,9372737.0
2020-02-14,218.6,225.15,218.6,224.69,6863717.0
2020-02-17,223.83,228.33,220.72,227.21,7786929.0
2020-02-18,226.61,227.14,218.73,219.26,13016471.0
2020-02-19,219.72,219.86,215.35,215.35,8152510.0
2020-02-20,217.14,220.19,215.29,219.19,8867399.0
2020-02-21,218.4,219.86,214.62,215.75,8737877.0
2020-02-24,213.23,215.75,209.92,213.63,8853444.0
2020-02-25,210.25,212.57,205.22,209.39,8327740.0
2020-02-26,208.13,216.88,205.62,211.71,12256143.0
2020-02-27,211.91,215.82,211.91,214.03,8753180.0
2020-02-28,207.47,211.25,201.98,205.42,9942253.0
2020-03-02,205.42,217.87,200.06,214.56,11837712.0
2020-03-03,217.74,218.53,209.92,211.25,9295614.0
2020-03-04,209.92,214.56,208.0,214.29,6159148.0
2020-03-05,215.22,224.09,211.18,222.11,14437768.0
2020-03-06,218.53,220.72,212.57,213.5,10878445.0
2020-03-09,206.21,209.66,202.84,203.7,9963588.0
2020-03-10,202.04,208.8,200.98,207.21,7515097.0
2020-03-11,208.8,208.8,200.65,200.65,9458808.0
2020-03-12,197.67,199.26,194.03,196.41,7612476.0
2020-03-13,187.74,191.84,185.35,188.07,9289562.0
2020-03-16,188.93,190.32,176.15,177.47,9945321.0
2020-03-17,176.15,181.18,171.51,174.3,9320015.0
2020-03-18,175.82,179.99,170.85,170.85,7328812.0
2020-03-19,170.19,172.04,163.96,167.87,9865548.0
2020-03-20,170.85,175.49,170.72,174.83,8482403.0
2020-03-23,171.51,171.51,161.91,162.71,9495144.0
2020-03-24,168.87,169.39,161.45,166.22,8589984.0
2020-03-25,174.16,176.61,169.92,175.49,15225718.0
2020-03-26,174.49,180.26,172.84,177.81,10801920.0
2020-03-27,179.79,185.22,178.67,182.31,10574302.0
2020-03-30,179.2,189.33,178.47,187.41,11692913.0
2020-03-31,188.73,190.19,185.75,188.33,6971441.0
2020-04-01,187.41,189.53,182.97,185.95,7754512.0
2020-04-02,186.02,188.07,183.83,187.34,9184603.0
2020-04-03,187.34,190.92,185.82,186.48,5876681.0
2020-04-07,190.72,191.25,186.55,187.61,8645153.0
2020-04-08,187.61,187.74,184.96,185.42,6488629.0
2020-04-09,187.08,187.27,184.23,184.36,4141262.0
2020-04-10,184.82,191.45,182.24,187.87,8628627.0
2020-04-13,188.07,198.33,188.07,195.68,9947928.0
2020-04-14,194.1,199.86,194.03,198.6,7851711.0
2020-04-15,198.66,198.93,191.38,191.78,8495576.0
2020-04-16,191.78,194.16,188.0,193.76,5145980.0
2020-04-17,195.22,202.97,192.7,200.25,8349718.0
2020-04-20,200.32,212.31,200.32,211.58,10589587.0
2020-04-21,211.58,213.1,203.43,207.54,6714741.0
2020-04-22,203.43,208.6,202.9,206.28,7559642.0
2020-04-23,208.6,215.22,207.34,210.85,6169677.0
2020-04-24,213.23,213.23,207.34,208.8,6033696.0
2020-04-27,208.07,213.96,207.6,209.26,5670555.0
2020-04-28,205.29,215.42,204.49,213.23,8304315.0
2020-04-29,211.18,218.0,211.18,213.9,5200520.0
2020-04-30,212.77,215.22,210.06,211.11,4604668.0
2020-05-06,207.08,216.15,206.48,215.35,6937506.0
2020-05-07,217.21,217.21,209.19,209.92,4908990.0
2020-05-08,210.58,218.27,210.58,215.82,7171345.0
2020-05-11,221.11,224.76,210.65,211.58,14063592.0
2020-05-12,209.99,216.28,209.13,215.22,7168497.0
2020-05-13,213.3,217.21,210.78,215.35,4277190.0
2020-05-14,215.35,216.54,210.32,211.18,5054464.0
2020-05-15,212.17,214.36,206.08,207.27,8290043.0
2020-05-18,206.61,208.53,203.37,206.74,5023198.0
2020-05-19,208.66,211.38,204.69,205.75,4940230.0
2020-05-20,205.68,206.08,199.06,203.96,9021585.0
2020-05-21,204.69,207.01,201.45,201.98,4835278.0
2020-05-22,201.84,203.17,196.88,198.2,8014450.0
2020-05-25,199.99,200.45,194.69,198.66,6782325.0
2020-05-26,199.59,208.73,199.59,205.75,10000785.0
2020-05-27,209.39,226.35,205.95,226.35,22607676.0
2020-05-28,231.78,232.84,223.83,228.4,19586241.0
2020-05-29,225.29,227.67,219.72,225.35,15539693.0
2020-06-01,228.38,235.1,227.03,230.86,16542542.0
2020-06-02,231.2,237.58,228.58,231.13,14644586.0
2020-06-03,231.2,233.08,225.69,225.69,12489683.0
2020-06-04,228.51,229.72,225.76,227.77,7754912.0
2020-06-05,227.7,230.73,226.23,228.38,7430599.0
2020-06-08,230.59,233.75,227.17,229.18,8613371.0
2020-06-09,230.53,231.8,227.77,231.27,6327296.0
2020-06-10,232.54,236.44,228.65,233.22,8741760.0
2020-06-11,233.01,234.22,223.87,224.75,9614683.0
2020-06-12,221.79,230.73,220.58,229.52,10195262.0
2020-06-15,229.86,229.86,216.82,216.95,12508323.0
2020-06-16,218.77,220.71,214.33,218.97,9730491.0
2020-06-17,219.1,220.11,214.4,215.88,6895703.0
2020-06-18,216.35,217.49,214.4,215.88,5030720.0
2020-06-19,215.74,219.37,215.07,216.75,9214380.0
2020-06-22,216.48,216.68,210.43,213.73,10774489.0
2020-06-23,214.93,216.41,211.78,214.13,10455096.0
2020-06-24,216.08,219.77,212.45,213.52,11991057.0
2020-06-29,213.39,213.39,202.17,205.39,21647098.0
2020-06-30,207.68,209.42,204.92,209.09,10716052.0
2020-07-01,209.69,218.16,207.07,215.34,13653979.0
2020-07-02,216.75,223.0,215.2,217.76,16655661.0
2020-07-03,220.45,224.81,218.43,223.74,19601315.0
2020-07-06,226.49,242.02,226.49,240.88,24906180.0
2020-07-07,243.3,250.02,241.95,244.78,19527501.0
2020-07-08,244.78,245.72,235.9,245.52,16299287.0
2020-07-09,243.3,245.31,238.39,243.16,12762700.0
2020-07-10,243.16,243.83,234.29,235.23,15078835.0
2020-07-13,233.22,239.74,233.22,239.74,15601879.0
2020-07-14,240.61,244.57,237.58,243.97,16226473.0
2020-07-15,245.31,248.67,236.58,241.35,16677741.0
2020-07-16,239.74,247.06,229.18,231.0,17735395.0
2020-07-17,229.65,238.12,227.17,236.24,11563064.0
2020-07-20,239.26,251.97,232.41,247.67,16917955.0
2020-07-21,249.68,259.83,246.52,256.74,20177398.0
2020-07-22,253.31,257.07,249.21,254.99,12829383.0
2020-07-23,254.05,257.01,245.65,252.98,10860433.0
2020-07-24,250.69,257.01,237.58,238.12,16369554.0
2020-07-27,239.2,246.39,232.95,239.87,9194946.0
2020-07-28,239.8,241.82,233.08,236.44,9740869.0
2020-07-29,234.9,259.29,234.56,258.35,16752949.0
2020-07-30,258.28,258.28,250.62,257.21,10420880.0
2020-07-31,261.85,267.43,253.38,257.61,12870921.0
2020-08-03,261.71,264.06,257.68,261.98,12669370.0
2020-08-04,260.37,264.0,252.1,254.39,11385508.0
2020-08-05,254.32,264.74,249.88,263.86,13969165.0
2020-08-06,264.13,264.54,255.39,259.43,9166683.0
2020-08-07,259.76,262.85,254.18,262.12,9109654.0
2020-08-10,262.12,283.89,258.82,279.05,18351595.0
2020-08-11,280.93,299.55,280.26,284.97,17046635.0
2020-08-12,285.64,286.31,270.45,277.57,9756832.0
2020-08-13,282.28,285.64,272.53,276.57,8636210.0
2020-08-14,272.6,280.13,272.6,279.93,10352115.0
2020-08-17,279.93,291.02,275.22,284.83,11156412.0
2020-08-18,283.96,297.6,282.88,293.17,9656050.0
2020-08-19,290.68,301.03,286.38,287.39,7422709.0
2020-08-20,284.97,286.31,274.21,275.76,10971468.0
2020-08-21,279.46,283.08,274.28,277.1,9980324.0
2020-08-24,278.11,284.83,275.69,279.72,6408023.0
2020-08-25,284.7,286.92,274.95,276.97,7653564.0
2020-08-26,277.57,279.05,267.76,270.18,8106617.0
2020-08-27,272.94,276.63,266.48,276.63,6788315.0
2020-08-28,268.84,270.65,252.44,263.8,23484561.0
2020-08-31,267.83,274.75,261.51,262.12,13844258.0
2020-09-01,258.89,263.39,258.08,260.84,9972370.0
2020-09-02,260.97,266.82,260.97,264.0,8866031.0
2020-09-03,266.08,266.15,258.96,260.03,7680226.0
2020-09-04,257.28,258.02,253.24,257.01,9368618.0
2020-09-07,258.82,259.63,245.31,247.06,13512299.0
2020-09-08,245.52,248.81,240.88,243.7,8978213.0
2020-09-09,243.57,244.71,235.64,237.99,8235153.0
2020-09-10,244.37,244.91,236.51,239.26,7846009.0
2020-09-11,238.59,239.94,235.64,239.94,6368089.0
2020-09-14,238.79,239.67,229.52,232.88,14273142.0
2020-09-15,234.9,241.35,232.41,240.94,12432061.0
2020-09-16,241.08,242.63,234.09,236.44,8424461.0
2020-09-17,236.71,247.33,235.5,245.65,11408800.0
2020-09-18,243.97,253.04,243.97,252.37,11771059.0
2020-09-21,252.44,255.19,248.67,251.7,7260472.0
2020-09-22,249.35,254.59,247.13,248.0,8604444.0
2020-09-23,250.42,250.56,239.47,244.84,11584087.0
2020-09-24,244.84,245.31,237.58,239.0,7149455.0
2020-09-25,238.46,238.46,220.78,224.48,29671930.0
2020-09-28,228.11,231.54,223.81,225.49,11950757.0
2020-09-29,225.62,226.7,220.65,222.4,11818231.0
2020-09-30,225.15,226.63,217.62,219.71,10926581.0
2020-10-09,222.46,223.54,219.44,220.78,13581382.0
2020-10-12,219.51,227.23,219.51,227.1,14807542.0
2020-10-13,227.17,229.12,224.81,228.65,11585316.0
2020-10-14,229.79,232.48,226.56,227.91,10962569.0
2020-10-15,228.58,231.87,227.37,228.65,9108122.0
2020-10-16,229.25,229.59,222.06,224.68,9268740.0
2020-10-19,226.29,227.7,221.32,223.34,7130680.0
2020-10-20,221.12,226.23,217.82,226.02,9371507.0
2020-10-21,225.15,228.31,223.13,224.55,7376846.0
2020-10-22,224.41,224.41,217.96,220.45,5936268.0
2020-10-23,219.3,222.87,218.3,220.92,4841399.0
2020-10-26,220.78,220.78,215.14,215.61,6755587.0
2020-10-27,215.67,218.3,210.77,217.22,8297056.0
2020-10-28,217.02,225.15,216.62,225.15,9485701.0
2020-10-29,231.94,247.67,231.54,247.67,25864847.0
2020-10-30,252.17,253.98,243.9,245.52,25840934.0
2020-11-02,249.68,257.48,242.36,254.18,25046322.0
2020-11-03,254.39,256.27,249.35,255.39,14834010.0
2020-11-04,253.38,270.05,252.44,264.87,19786490.0
2020-11-05,266.69,277.64,264.8,275.42,16499649.0
2020-11-06,275.56,289.34,270.25,283.49,18323870.0
2020-11-09,285.97,294.31,280.46,285.3,16279994.0
2020-11-10,281.4,291.69,278.25,291.69,14126549.0
2020-11-11,282.14,295.65,282.14,295.65,12969190.0
2020-11-12,290.21,294.58,280.93,290.07,11968778.0
2020-11-13,289.0,293.57,285.84,291.08,8844923.0
2020-11-16,290.75,294.71,284.36,286.31,11956570.0
2020-11-17,285.64,290.88,283.49,287.92,8588669.0
2020-11-18,290.14,291.02,282.48,287.52,9832795.0
2020-11-19,289.0,293.57,285.91,292.7,7365186.0
2020-11-20,295.59,296.93,290.21,293.97,7632163.0
2020-11-23,293.37,294.24,287.99,291.69,7634298.0
2020-11-24,291.02,291.02,282.41,286.65,7413596.0
2020-11-25,286.85,289.0,276.36,277.1,8815432.0
2020-11-26,277.1,279.46,270.85,274.48,9628399.0
2020-11-27,275.09,279.25,272.26,276.7,7079178.0
2020-11-30,282.28,282.88,268.63,268.63,7153249.0
2020-12-01,274.55,276.57,270.18,272.87,5179605.0
2020-12-02,272.87,280.53,270.25,277.91,7008455.0
2020-12-03,276.57,278.51,273.54,275.69,3989696.0
2020-12-04,275.76,280.6,273.47,279.39,4923920.0
2020-12-07,282.48,283.22,270.05,275.09,6262882.0
2020-12-08,275.36,280.4,273.41,274.48,4166416.0
2020-12-09,277.44,277.44,268.5,269.84,5090961.0
2020-12-10,269.78,273.27,266.48,272.6,4261314.0
2020-12-11,276.9,278.78,270.18,274.28,5557238.0
2020-12-14,276.9,279.46,262.12,273.81,6785797.0
2020-12-15,270.18,275.02,267.83,274.68,4233035.0
2020-12-16,271.66,274.68,270.18,271.19,4988502.0
2020-12-17,272.67,288.39,271.46,286.31,9450993.0
2020-12-18,287.66,289.54,279.99,283.62,8761130.0
2020-12-21,285.44,285.64,279.46,284.9,6483811.0
2020-12-22,284.9,286.65,279.39,280.93,6733463.0
2020-12-23,279.05,286.45,278.18,281.07,7172138.0
2020-12-24,278.99,280.6,262.12,264.0,7546272.0
2020-12-25,264.47,271.86,260.44,269.84,6700241.0
2020-12-28,269.84,270.85,264.0,267.9,5386603.0
2020-12-29,269.91,271.39,264.13,266.95,4512084.0
2020-12-30,264.6,270.52,263.12,265.14,5327075.0
2020-12-31,266.62,275.96,264.27,274.08,7063587.0
2021-01-04,274.08,280.13,273.27,278.25,6698888.0
2021-01-05,277.91,290.34,272.87,287.99,10122151.0
2021-01-06,290.75,295.65,277.78,283.56,9635516.0
2021-01-07,283.62,311.92,282.41,311.92,19649961.0
2021-01-08,317.97,320.86,307.82,315.88,13315878.0
2021-01-11,313.19,315.82,303.38,306.41,10830191.0
2021-01-12,302.44,312.46,296.12,310.51,10700928.0
2021-01-13,309.83,313.6,303.11,307.95,9830881.0
2021-01-14,309.5,315.21,303.11,303.92,6894210.0
2021-01-15,301.16,303.65,289.47,295.05,8663624.0
2021-01-18,293.64,297.06,287.86,292.02,8117454.0
2021-01-19,291.69,294.78,285.64,286.98,8716816.0
2021-01-20,289.0,289.13,281.94,286.18,6919627.0
2021-01-21,286.18,290.34,283.49,288.93,9371586.0
2021-01-22,289.67,290.01,268.9,274.41,15449516.0
2021-01-25,274.48,280.06,270.05,277.78,11102614.0
2021-01-26,277.78,279.46,268.84,269.51,6557354.0
2021-01-27,269.04,284.5,266.69,282.28,13039199.0
2021-01-28,278.92,280.8,264.33,266.82,11626568.0
2021-01-29,267.22,270.25,252.98,258.82,13108994.0
2021-02-01,259.63,264.54,254.39,262.52,7918496.0
2021-02-02,263.39,273.81,261.31,269.78,9158756.0
2021-02-03,269.84,272.87,262.18,262.85,8605010.0
2021-02-04,265.48,266.15,257.34,265.14,8664287.0
2021-02-05,268.1,271.52,262.99,264.06,10297898.0
2021-02-08,265.41,271.93,260.03,268.84,10985460.0
2021-02-09,268.77,273.47,266.89,270.92,8848980.0
2021-02-10,270.85,272.8,264.8,267.69,8236371.0
2021-02-18,271.19,272.13,261.85,265.54,8133153.0
2021-02-19,261.78,268.03,259.43,266.22,6465725.0
2021-02-22,268.77,268.77,255.33,255.46,9783233.0
2021-02-23,255.26,260.37,248.67,257.55,7128448.0
2021-02-24,265.14,270.32,263.12,268.63,16776267.0
2021-02-25,269.51,270.05,256.07,259.09,13035147.0
2021-02-26,254.39,254.59,249.55,254.05,10766746.0
2021-03-01,254.05,256.0,250.49,252.84,7884590.0
2021-03-02,253.04,256.4,250.42,252.3,7433189.0
2021-03-03,252.3,252.3,247.67,249.82,7385993.0
2021-03-04,248.61,248.88,242.29,246.32,7743508.0
2021-03-05,242.09,248.07,240.94,245.31,4623246.0
2021-03-08,247.33,249.95,239.4,239.4,6224530.0
2021-03-09,237.58,243.7,235.57,235.57,7854661.0
2021-03-10,237.72,241.15,234.56,239.33,5678078.0
2021-03-11,238.53,242.76,236.37,239.47,8263761.0
2021-03-12,238.59,240.94,233.22,240.88,8662335.0
2021-03-15,239.8,241.42,232.88,233.42,6538481.0
2021-03-16,233.62,242.42,233.62,236.44,10179814.0
2021-03-17,238.59,246.39,234.96,246.12,10422896.0
2021-03-18,246.39,249.61,245.04,248.34,6666512.0
2021-03-19,246.19,248.27,241.42,243.5,6204918.0
2021-03-22,247.33,250.69,242.96,250.62,6817066.0
2021-03-23,250.69,251.09,243.63,244.71,4981286.0
2021-03-24,243.97,247.67,239.94,240.74,4703677.0
2021-03-25,239.26,242.83,235.3,240.41,3513663.0
2021-03-26,242.83,245.11,239.94,244.37,4501339.0
2021-03-29,245.65,248.07,244.57,245.65,5950121.0
2021-03-30,247.33,248.27,244.64,245.11,5258687.0
2021-03-31,247.33,248.34,244.44,245.45,6442682.0
2021-04-01,246.39,249.21,244.1,248.34,4170723.0
2021-04-02,248.34,257.41,248.34,256.4,8361698.0
2021-04-06,257.41,257.81,252.37,255.6,4522909.0
2021-04-07,255.73,256.4,246.86,250.35,6341730.0
2021-04-08,249.75,251.43,247.93,251.16,4574353.0
2021-04-09,250.42,251.9,244.31,247.33,5142265.0
2021-04-12,247.93,249.75,238.46,239.6,4932322.0
2021-04-13,239.67,241.55,233.55,235.23,5741429.0
2021-04-14,235.23,241.15,233.62,241.15,6390774.0
2021-04-15,235.23,240.54,224.41,238.59,15933010.0
2021-04-16,244.24,247.67,237.52,238.59,9747807.0
2021-04-19,238.32,241.82,235.43,238.46,7374279.0
2021-04-20,238.66,240.0,236.58,237.05,4533475.0
2021-04-21,236.58,241.01,233.28,238.73,4202515.0
2021-04-22,238.59,239.2,235.64,236.64,3362057.0
2021-04-23,237.92,242.89,236.71,241.42,6032343.0
2021-04-26,241.28,242.63,235.9,236.17,4964320.0
2021-04-27,235.57,235.9,226.49,229.86,9824379.0
2021-04-28,232.07,252.84,230.19,252.84,27001309.0
2021-04-29,252.84,262.25,250.96,256.81,19773967.0
2021-04-30,255.26,259.63,251.23,257.88,15063776.0
2021-05-06,257.88,257.88,251.77,255.39,10316661.0
2021-05-07,255.39,258.28,251.36,251.36,8188210.0
2021-05-10,250.02,250.49,244.64,247.53,6492261.0
2021-05-11,247.8,252.77,238.73,249.68,8416047.0
2021-05-12,253.51,254.92,248.14,250.89,6554279.0
2021-05-13,249.82,254.18,245.72,252.17,6246511.0
2021-05-14,254.72,256.74,250.09,254.18,5204819.0
2021-05-17,256.74,264.74,255.19,260.77,10645665.0
2021-05-18,260.64,261.91,255.73,257.34,4099055.0
2021-05-19,254.79,257.34,252.17,253.51,4119941.0
2021-05-20,258.76,278.85,258.76,277.24,25364158.0
2021-05-21,279.99,299.42,279.99,286.85,24315442.0
2021-05-24,289.0,300.42,289.0,296.53,15606288.0
2021-05-25,298.01,302.37,292.56,295.92,13971729.0
2021-05-26,295.05,303.11,289.0,301.5,11212521.0
2021-05-27,300.63,305.8,298.48,302.44,7344545.0
2021-05-28,300.42,301.77,295.18,298.34,6239852.0
2021-05-31,297.93,300.17,290.38,299.76,8560234.0
2021-06-01,299.83,305.54,295.21,302.96,7299441.0
2021-06-02,306.9,317.43,303.02,308.94,10114075.0
2021-06-03,307.92,313.97,301.26,306.69,6317357.0
2021-06-04,306.97,315.06,304.18,308.26,6181047.0
2021-06-07,305.95,314.44,304.32,310.7,8457336.0
2021-06-08,305.27,310.64,301.26,304.79,9452699.0
2021-06-09,303.23,309.07,294.6,298.33,8748467.0
2021-06-10,294.8,298.88,288.95,296.77,8612776.0
2021-06-11,299.76,300.3,284.94,291.54,8657511.0
2021-06-15,290.92,294.94,287.53,292.9,8046300.0
2021-06-16,298.33,298.33,289.57,291.6,6696409.0
2021-06-17,291.6,295.75,286.98,291.54,9605286.0
2021-06-18,292.15,298.27,288.07,293.58,7596941.0
2021-06-21,292.01,302.62,287.93,298.4,8147072.0
2021-06-22,296.29,306.9,293.17,304.52,10233093.0
2021-06-23,303.7,305.47,295.68,302.48,10482754.0
2021-06-24,300.37,301.8,293.17,301.12,5819464.0
2021-06-25,299.56,309.82,295.0,307.31,7567189.0
2021-06-28,311.32,311.86,299.63,304.79,7183832.0
2021-06-29,304.79,313.9,302.0,310.16,6274160.0
2021-06-30,311.72,319.34,306.76,316.07,8695259.0
2021-07-01,316.62,319.41,311.32,312.0,4410343.0
2021-07-02,307.44,316.75,303.16,312.06,5564540.0
2021-07-05,307.1,321.38,295.68,309.55,11844471.0
2021-07-06,309.55,310.36,290.92,301.94,9309496.0
2021-07-07,297.38,326.27,295.68,324.23,15499070.0
2021-07-08,324.23,333.41,320.49,322.6,9686874.0
2021-07-09,320.97,329.67,307.24,322.4,7953743.0
2021-07-12,322.8,327.56,316.21,323.01,5884897.0
2021-07-13,321.51,321.51,309.89,313.36,5928366.0
2021-07-14,313.36,320.02,308.6,315.39,4657829.0
2021-07-15,310.36,316.75,309.96,313.36,3803611.0
2021-07-16,314.78,315.06,305.27,312.81,3710534.0
2021-07-19,312.74,315.06,303.16,312.34,4023621.0
2021-07-20,307.65,314.44,306.56,308.05,2529055.0
2021-07-21,306.83,311.86,300.64,303.36,4413768.0
2021-07-22,303.3,303.43,292.35,295.0,4753615.0
2021-07-23,295.0,295.0,282.36,289.77,5524085.0
2021-07-26,288.89,289.7,269.11,273.59,11134957.0
2021-07-27,279.64,282.7,260.88,264.62,13564884.0
2021-07-28,262.78,267.75,257.35,267.0,7682491.0
2021-07-29,269.72,280.59,260.34,261.22,12556494.0
2021-07-30,268.49,268.83,260.4,264.76,6426408.0
2021-08-02,266.05,277.87,258.43,276.51,7250629.0
2021-08-03,277.06,285.96,270.19,285.49,10172353.0
2021-08-04,304.66,314.04,286.1,292.15,17112899.0
2021-08-05,290.24,304.32,279.23,281.0,15188210.0
2021-08-06,283.45,284.13,269.99,275.09,11022271.0
2021-08-09,275.15,290.99,269.99,284.81,13767852.0
2021-08-10,283.65,294.26,279.57,293.3,8622491.0
2021-08-11,290.31,301.6,288.34,294.8,8147289.0
2021-08-12,293.3,293.3,284.81,288.48,4259173.0
2021-08-13,288.55,293.51,282.7,291.33,5612998.0
2021-08-16,289.23,295.21,280.73,289.23,9059826.0
2021-08-17,287.8,296.63,283.72,292.22,7722860.0
2021-08-18,290.72,290.72,281.34,284.4,4525810.0
2021-08-19,284.4,290.58,278.01,284.4,5768088.0
2021-08-20,282.5,284.6,270.19,272.78,7388057.0
2021-08-23,271.21,276.38,264.62,265.09,12600229.0
2021-08-24,265.77,269.79,261.83,266.05,10191184.0
2021-08-25,266.05,271.82,264.14,270.19,6425450.0
2021-08-26,270.26,272.98,261.83,262.38,7315931.0
2021-08-27,262.38,265.84,258.71,259.66,5466757.0
2021-08-30,260.74,261.49,247.63,248.85,10794477.0
2021-08-31,247.15,252.59,241.64,242.66,12308510.0
2021-09-01,243.41,252.79,236.75,248.99,14120440.0
2021-09-02,248.71,250.82,240.62,241.71,11049736.0
2021-09-03,241.64,242.6,235.19,238.45,9513664.0
2021-09-06,238.04,249.87,236.48,245.38,9990013.0
2021-09-07,246.13,247.83,242.19,243.89,7594116.0
2021-09-08,247.15,247.42,241.85,245.93,7458821.0
2021-09-09,246.13,247.76,241.64,244.63,5877156.0
2021-09-10,244.09,253.54,242.26,246.74,9136041.0
2021-09-13,246.74,246.74,241.24,242.05,6042645.0
2021-09-14,241.64,246.06,240.01,241.1,7415792.0
2021-09-15,240.62,241.17,231.92,237.29,8840208.0
2021-09-16,238.25,239.2,228.93,231.11,13343233.0
2021-09-17,228.66,233.69,228.66,231.24,5915630.0
2021-09-22,227.85,228.73,220.23,227.57,9391733.0
2021-09-23,227.51,231.04,222.68,225.33,7705042.0
2021-09-24,224.99,231.18,223.63,227.78,7578445.0
2021-09-27,227.78,235.87,225.94,227.03,10480492.0
2021-09-28,228.39,235.39,222.95,233.15,9195623.0
2021-09-29,232.54,232.54,222.95,225.19,9358064.0
2021-09-30,224.31,231.11,224.24,229.75,7681671.0
2021-10-08,231.86,240.22,230.56,237.23,10692228.0
2021-10-11,237.77,240.42,232.88,233.83,8884839.0
2021-10-12,233.76,236.89,231.31,234.57,7448002.0
2021-10-13,234.51,235.39,227.71,230.7,6873202.0
2021-10-14,229.75,233.01,228.05,229.41,4431083.0
2021-10-15,229.14,231.65,226.42,229.82,9141577.0
2021-10-18,229.41,229.41,218.13,219.76,10586610.0
2021-10-19,220.5,229.68,220.23,229.61,11383488.0
2021-10-20,230.22,231.04,211.8,213.57,29710703.0
2021-10-21,214.79,226.35,212.96,225.19,28011442.0
2021-10-22,232.47,235.8,219.89,233.96,28696916.0
2021-10-25,229.48,235.8,223.56,225.53,18201991.0
2021-10-26,225.6,226.76,217.65,218.19,14960806.0
2021-10-27,217.51,217.58,207.73,208.13,19012559.0
2021-10-28,207.52,212.96,205.28,211.8,11767378.0
2021-10-29,211.8,214.93,208.88,212.96,7556739.0
2021-11-01,212.96,223.09,210.72,214.66,13785464.0
2021-11-02,214.66,216.36,209.49,211.06,9536950.0
2021-11-03,208.34,214.05,208.34,211.87,6358189.0
2021-11-04,210.04,213.57,210.04,212.69,8886720.0
2021-11-05,211.87,213.1,205.89,206.98,10899037.0
2021-11-08,207.11,208.41,204.26,204.87,7857873.0
2021-11-09,204.87,204.87,199.36,200.32,12510473.0
2021-11-10,199.84,204.39,196.44,204.26,14225265.0
2021-11-11,205.28,221.46,205.28,218.87,27113575.0
2021-11-12,218.47,222.07,216.83,218.47,13062200.0
2021-11-15,218.94,220.23,215.47,216.83,7876137.0
2021-11-16,216.83,223.7,216.36,220.84,12521725.0
2021-11-17,220.91,222.27,218.19,218.47,8507533.0
2021-11-18,217.31,222.48,216.02,217.58,9211856.0
2021-11-19,218.13,223.29,213.78,222.82,10043852.0
2021-11-22,221.8,222.34,217.92,219.01,8592311.0
2021-11-23,217.51,221.32,216.83,220.16,5767168.0
2021-11-24,217.65,221.25,214.66,220.03,7844805.0
2021-11-25,219.89,223.16,218.67,220.71,6614760.0
2021-11-26,219.55,220.98,216.09,217.38,5560531.0
2021-11-29,214.79,216.22,209.56,211.33,7679121.0
2021-11-30,209.7,218.53,209.42,213.91,9943831.0
2021-12-01,213.03,213.91,206.37,209.9,9810882.0
2021-12-02,207.32,213.44,206.98,211.74,6592488.0
2021-12-03,211.53,213.78,208.95,211.6,4828403.0
2021-12-06,212.14,220.1,212.14,214.52,9575532.0
2021-12-07,219.62,236.0,217.45,236.0,41294906.0
2021-12-08,242.39,246.33,235.53,240.49,39599634.0
2021-12-09,244.02,252.32,242.6,246.54,29883924.0
2021-12-10,243.21,245.38,237.7,238.45,22344993.0
2021-12-13,237.84,251.5,237.09,244.63,18587280.0
2021-12-14,243.0,243.48,237.36,238.18,13006617.0
2021-12-15,239.27,239.27,232.26,235.25,10717708.0
2021-12-16,235.19,236.55,231.99,234.51,8739743.0
2021-12-17,236.14,236.14,227.37,227.78,10824510.0
2021-12-20,228.25,232.47,227.37,230.5,10277670.0
2021-12-21,229.68,242.39,229.27,238.04,15513543.0
2021-12-22,244.7,244.7,233.28,237.23,8698722.0
2021-12-23,236.55,237.23,231.86,236.55,7185663.0
2021-12-24,235.8,235.8,230.9,234.44,6405943.0
2021-12-27,233.49,247.15,230.77,244.09,17690588.0
2021-12-28,241.3,246.13,241.3,244.3,9509849.0
2021-12-29,242.66,244.63,239.47,240.15,7719307.0
2021-12-30,238.04,247.08,238.04,243.75,7825440.0
2021-12-31,241.85,246.67,240.62,244.84,8860359.0
2022-01-04,245.18,252.32,242.8,250.48,17632251.0
2022-01-05,249.53,259.39,246.61,253.47,17617898.0
2022-01-06,248.85,254.36,247.15,248.31,14473373.0
2022-01-07,248.31,260.27,248.31,258.09,18213560.0
2022-01-10,261.02,270.87,258.98,268.09,18196590.0
2022-01-11,268.77,276.04,261.22,261.97,24918931.0
2022-01-12,264.48,265.77,255.24,258.3,10755850.0
2022-01-13,258.23,259.32,249.33,250.68,10569143.0
2022-01-14,250.68,251.43,241.03,242.87,14355534.0
2022-01-17,241.85,242.73,237.23,239.54,9533730.0
2022-01-18,239.27,246.06,234.71,245.72,11443732.0
2022-01-19,245.25,256.67,243.48,251.43,13697483.0
2022-01-20,251.16,265.91,249.12,263.06,15158075.0
2022-01-21,265.09,265.37,251.64,252.52,10201717.0
2022-01-24,253.54,254.83,246.74,251.23,7724115.0
2022-01-25,252.04,255.17,244.7,245.72,5925223.0
2022-01-26,243.34,249.8,241.3,244.09,7680833.0
2022-01-27,242.66,243.89,235.87,236.68,8264978.0
2022-01-28,243.28,243.28,233.15,234.3,6394146.0
2022-02-07,236.55,243.62,236.55,240.56,6120071.0
2022-02-08,238.93,242.19,237.29,240.9,5477852.0
2022-02-09,241.98,250.48,238.93,248.65,8439442.0
2022-02-10,246.27,246.74,234.44,236.89,11348621.0
2022-02-11,239.2,250.48,235.53,242.66,11836296.0
2022-02-14,239.81,239.81,229.54,233.35,8627908.0
2022-02-15,233.35,243.34,231.79,234.51,8845930.0
2022-02-16,235.53,244.7,234.51,244.5,9679955.0
2022-02-17,245.86,248.65,238.59,239.94,6221845.0
2022-02-18,240.56,246.06,237.23,244.84,5674992.0
2022-02-21,245.04,249.33,243.07,247.15,5060085.0
2022-02-22,247.9,248.65,241.64,244.5,4692880.0
2022-02-23,242.73,246.27,239.94,241.37,5969382.0
2022-02-24,240.62,240.69,228.05,231.24,8821044.0
2022-02-25,233.56,245.72,233.56,240.69,15051186.0
2022-02-28,239.94,239.94,221.59,226.15,19329305.0
2022-03-01,226.35,230.09,222.95,226.28,9202083.0
2022-03-02,226.55,226.83,220.57,224.92,6007860.0
2022-03-03,226.89,227.17,218.13,220.03,7473668.0
2022-03-04,219.89,223.43,217.17,220.78,6400045.0
2022-03-07,217.92,218.87,210.85,212.69,7364833.0
2022-03-08,212.62,215.27,204.46,204.6,8084566.0
2022-03-09,205.75,207.66,190.46,198.89,11541034.0
2022-03-10,203.92,204.6,196.44,198.21,12226730.0
2022-03-11,196.44,196.44,190.19,195.01,8167395.0
2022-03-14,192.98,196.71,189.58,189.98,7973389.0
2022-03-15,189.64,189.64,174.76,174.76,13531625.0
2022-03-16,177.68,180.74,167.55,178.57,14728190.0
2022-03-17,182.78,196.44,181.35,196.44,12490631.0
2022-03-18,195.76,197.87,188.97,195.42,10171074.0
2022-03-21,197.12,197.94,191.48,194.13,6015575.0
2022-03-22,193.72,199.16,191.0,196.99,8089137.0
2022-03-23,197.8,198.35,193.93,196.17,5651204.0
2022-03-24,195.69,196.51,191.0,194.54,3771339.0
2022-03-25,194.95,196.17,191.75,193.11,4524121.0
2022-03-28,192.84,193.79,188.08,191.75,3324224.0
2022-03-29,193.11,196.92,185.57,186.38,7247193.0
2022-03-30,190.19,199.84,187.81,197.87,10327087.0
2022-03-31,196.71,201.61,193.93,198.41,7786428.0
2022-04-01,200.52,207.66,197.87,207.32,12565023.0
2022-04-06,207.45,211.94,204.46,210.72,13201805.0
2022-04-07,210.72,218.19,207.73,212.55,9880170.0
2022-04-08,212.08,213.64,205.82,207.11,8150889.0
2022-04-11,205.96,206.64,201.06,202.42,8071132.0
2022-04-12,202.36,209.76,199.84,209.29,7936239.0
2022-04-13,209.29,209.49,202.36,203.17,8841667.0
2022-04-14,205.41,214.12,205.41,209.76,8809827.0
2022-04-15,210.72,214.86,208.07,212.42,5873289.0
2022-04-18,209.36,214.12,207.32,209.56,5075359.0
2022-04-19,209.29,211.12,204.6,206.84,4688662.0
2022-04-20,206.64,211.46,201.95,205.01,6506798.0
2022-04-21,206.03,206.03,193.79,195.22,8390154.0
2022-04-22,194.0,202.9,190.39,199.77,8277790.0
2022-04-25,196.99,202.49,193.38,193.38,8000617.0
2022-04-26,196.31,197.33,185.97,187.33,7998177.0
2022-04-27,186.79,193.72,181.35,192.09,7681253.0
2022-04-28,190.32,197.39,189.3,196.31,6371561.0
2022-04-29,196.31,210.44,190.39,210.04,13775929.0
2022-05-05,214.12,216.77,210.1,211.4,11792887.0
2022-05-06,202.56,209.02,195.42,196.99,9100978.0
2022-05-09,195.01,195.63,191.28,194.95,5978983.0
2022-05-10,192.98,195.01,190.39,193.86,7786405.0
2022-05-11,194.61,199.5,192.36,196.31,8245634.0
2022-05-12,194.4,199.43,191.0,198.07,5402142.0
2022-05-13,198.07,200.18,194.54,196.71,5116973.0
2022-05-16,201.88,208.07,198.89,200.18,8703302.0
2022-05-17,200.04,203.72,197.12,203.51,5732624.0
2022-05-18,203.85,204.53,199.36,202.42,4167851.0
2022-05-19,199.03,205.89,195.97,203.1,6921601.0
2022-05-20,203.17,212.55,202.08,209.63,7263294.0
2022-05-23,210.72,211.4,202.56,204.06,5847908.0
2022-05-24,203.1,203.72,194.81,194.81,7746347.0
2022-05-25,195.76,196.85,191.28,196.71,4557585.0
2022-05-26,196.71,197.73,191.55,196.37,6324224.0
2022-05-27,196.78,205.75,196.44,197.39,6963732.0
2022-05-30,198.55,202.56,196.44,201.61,6081095.0
2022-05-31,201.61,209.36,199.23,208.0,9101350.0
2022-06-01,207.05,213.78,205.01,209.49,6740196.0
2022-06-02,207.32,211.87,203.38,206.77,7584317.0
2022-06-06,204.73,209.63,201.88,207.93,6720529.0
2022-06-07,208.0,209.36,204.94,208.07,5449879.0
2022-06-08,208.68,208.68,203.44,205.48,5858708.0
2022-06-09,203.58,204.8,195.76,196.44,9145317.0
2022-06-10,196.58,197.12,193.52,196.51,10101170.0
2022-06-13,194.81,196.1,188.15,189.1,16675244.0
2022-06-14,187.61,190.6,183.53,190.53,10520318.0
2022-06-15,190.66,202.08,189.03,197.12,19125508.0
2022-06-16,196.41,199.73,194.68,197.59,10303576.0
2022-06-17,193.78,203.88,192.26,198.97,11422321.0
2022-06-20,200.91,218.54,200.91,216.4,28621878.0
2022-06-21,216.4,225.94,212.32,224.77,22796988.0
2022-06-22,222.83,224.08,215.29,215.78,14312686.0
2022-06-23,215.78,217.71,209.62,214.19,13137268.0
2022-06-24,214.19,235.14,213.7,234.03,19524861.0
2022-06-27,234.03,237.22,229.68,230.51,10423737.0
2022-06-28,230.23,239.29,226.01,236.8,12393930.0
2022-06-29,234.66,247.59,232.38,235.49,21101283.0
2022-06-30,237.63,252.29,237.63,249.18,14876668.0
2022-07-01,248.9,250.84,241.64,248.97,7915268.0
2022-07-04,247.59,247.94,242.13,245.31,8516415.0
2022-07-05,248.97,248.97,234.8,237.08,10999060.0
2022-07-06,236.39,242.75,232.1,234.1,10408625.0
2022-07-07,234.1,234.1,227.67,228.64,7900424.0
2022-07-08,228.71,232.38,225.74,229.61,7256251.0
2022-07-11,228.23,235.69,222.9,231.68,13221233.0
2022-07-12,229.61,240.05,228.92,230.16,9272745.0
2022-07-13,228.92,234.38,226.84,227.81,6774184.0
2022-07-14,231.61,233.76,205.06,207.34,32742788.0
2022-07-15,206.09,208.86,200.56,200.63,19636000.0
2022-07-18,200.63,205.4,195.65,204.23,14355952.0
2022-07-19,204.02,204.23,197.93,198.49,13191163.0
2022-07-20,199.18,200.22,195.86,196.34,13790750.0
2022-07-21,196.48,196.69,192.47,192.68,11545555.0
2022-07-22,192.68,194.75,191.02,194.68,9824008.0
2022-07-25,194.89,199.66,193.85,197.1,12617688.0
2022-07-26,195.51,202.01,195.37,201.74,13990603.0
2022-07-27,200.63,201.12,196.83,198.76,8348390.0
2022-07-28,199.52,203.26,198.07,201.25,9615755.0
2022-07-29,199.87,200.98,194.89,195.65,9527317.0
2022-08-01,194.34,194.75,190.88,190.95,11288780.0
2022-08-02,189.57,189.57,184.59,187.01,9102229.0
2022-08-03,187.01,190.46,179.68,181.47,11985987.0
2022-08-04,182.1,183.34,178.02,180.23,16000573.0
2022-08-05,181.2,185.35,178.43,185.35,9912759.0
2022-08-08,184.66,186.38,181.34,182.44,9773946.0
2022-08-09,182.44,184.03,180.51,181.61,6443545.0
2022-08-10,181.47,182.17,179.81,180.85,8892874.0
2022-08-11,182.58,186.11,182.58,184.72,10767095.0
2022-08-12,183.69,186.38,182.72,185.69,7077849.0
2022-08-15,184.93,185.9,181.27,182.72,10819590.0
2022-08-16,182.44,184.03,181.68,183.27,5549758.0
2022-08-17,183.2,186.25,181.13,184.45,7688854.0
2022-08-18,183.89,183.96,181.89,182.44,5259658.0
2022-08-19,182.23,183.27,180.85,180.92,5806930.0
2022-08-22,179.95,182.3,178.85,181.82,5677383.0
2022-08-23,179.26,180.64,177.39,178.02,8536914.0
2022-08-24,177.19,178.85,172.9,173.11,8953893.0
2022-08-25,173.59,177.39,168.26,177.26,11423806.0
2022-08-26,176.36,177.39,173.31,173.59,8292976.0
2022-08-29,171.38,173.45,170.48,172.07,5376561.0
2022-08-30,172.97,175.53,172.41,174.9,7546011.0
2022-08-31,174.49,176.7,173.24,173.94,8873315.0
2022-09-01,174.07,178.78,173.45,175.94,10139433.0
2022-09-02,175.04,176.01,172.14,172.9,6611217.0
2022-09-05,172.28,172.55,169.09,169.51,5967187.0
2022-09-06,169.51,171.38,168.4,170.2,5553576.0
2022-09-07,170.13,170.82,168.13,169.37,4718000.0
2022-09-08,169.3,170.62,168.47,169.72,4544755.0
2022-09-09,169.79,181.54,169.79,179.12,21441715.0
2022-09-13,179.54,187.77,178.15,182.23,18166930.0
2022-09-14,179.68,183.06,178.09,180.02,9114154.0
2022-09-15,181.68,186.87,180.85,182.93,17195445.0
2022-09-16,182.93,183.62,174.28,174.28,10563670.0
2022-09-19,173.66,173.8,168.82,170.89,6920469.0
2022-09-20,170.89,172.0,165.08,167.16,13037141.0
2022-09-21,165.71,165.84,161.35,163.35,9174223.0
2022-09-22,161.14,162.18,158.37,159.14,9429605.0
2022-09-23,157.68,162.39,157.54,160.73,7226993.0
2022-09-26,158.44,164.81,158.31,162.25,8175313.0
2022-09-27,161.83,164.94,159.27,164.25,7236536.0
2022-09-28,163.84,164.46,159.27,159.41,6138710.0
2022-09-29,161.0,163.01,158.03,158.93,6285723.0
2022-09-30,159.48,162.66,158.03,158.58,5535883.0
2022-10-10,160.1,160.24,151.46,153.88,8050257.0
2022-10-11,153.88,155.06,149.38,152.57,6417563.0
2022-10-12,152.84,156.71,149.66,156.3,7271759.0
2022-10-13,155.54,157.27,155.06,156.37,5004549.0
2022-10-14,157.68,160.66,157.13,159.14,6040648.0
2022-10-17,158.24,160.45,158.03,159.69,3864508.0
2022-10-18,160.17,161.63,157.13,158.03,6738749.0
2022-10-19,157.75,158.17,154.99,155.54,5010621.0
2022-10-20,154.57,156.78,153.33,154.02,5068904.0
2022-10-21,154.23,155.33,151.74,152.63,4538296.0
2022-10-24,149.59,153.88,141.57,143.85,13135604.0
2022-10-25,143.85,149.04,143.23,145.86,8743881.0
2022-10-26,145.86,149.11,145.23,146.89,7446332.0
2022-10-27,146.76,150.7,146.13,149.73,7592633.0
2022-10-28,148.69,151.94,145.37,145.86,8217050.0
2022-10-31,145.23,145.37,140.39,141.78,6806039.0
2022-11-01,142.68,148.97,141.78,148.83,11004932.0
2022-11-02,148.69,151.74,147.86,150.01,6845319.0
2022-11-03,148.69,151.74,147.45,151.11,6250180.0
2022-11-04,151.11,155.61,150.91,154.16,7849579.0
2022-11-07,154.23,155.4,152.91,154.43,5509623.0
2022-11-08,154.02,155.61,153.95,155.06,4706636.0
2022-11-09,154.99,158.1,154.43,154.99,5074011.0
2022-11-10,153.53,155.68,152.63,155.26,4582906.0
2022-11-11,157.54,166.33,157.34,165.64,23016489.0
2022-11-14,173.87,181.2,171.79,175.11,33830293.0
2022-11-15,176.84,176.84,169.09,172.62,14544920.0
2022-11-16,172.83,173.45,169.86,170.82,6373433.0
2022-11-17,169.99,173.52,168.26,173.11,8139607.0
2022-11-18,172.34,176.7,171.58,173.04,7178318.0
2022-11-21,171.51,172.41,166.88,168.96,8048589.0
2022-11-22,168.96,171.45,166.4,167.37,4419196.0
2022-11-23,167.23,168.4,164.25,165.43,5112046.0
2022-11-24,169.44,171.72,167.5,170.69,9045753.0
2022-11-25,169.44,178.02,169.3,176.08,15313211.0
2022-11-28,173.04,175.6,171.51,174.63,5513698.0
2022-11-29,183.41,188.11,176.7,185.35,27808661.0
2022-11-30,184.24,187.21,178.64,179.68,10714293.0
2022-12-01,181.96,185.35,180.02,182.72,8938305.0
2022-12-02,181.47,183.0,179.47,180.85,5634708.0
2022-12-05,182.58,190.88,181.34,189.63,16780837.0
2022-12-06,189.36,191.43,186.18,188.6,8325295.0
2022-12-07,186.73,190.74,185.42,188.53,7286546.0
2022-12-08,187.42,191.71,184.66,190.95,8543747.0
2022-12-09,191.57,207.27,190.81,203.19,25535256.0
2022-12-12,203.12,203.12,197.86,199.25,12133256.0
2022-12-13,199.11,203.67,196.14,201.95,7691774.0
2022-12-14,201.67,205.06,199.18,204.37,7237656.0
2022-12-15,203.95,204.64,193.78,194.34,12085353.0
2022-12-16,193.58,202.22,179.81,198.0,9182224.0
2022-12-19,199.73,203.88,197.66,198.97,8776954.0
2022-12-20,197.45,197.45,191.78,193.65,6770492.0
2022-12-21,193.92,195.58,191.29,192.61,4622917.0
2022-12-22,192.61,199.52,192.61,195.03,5178096.0
2022-12-23,194.82,197.73,191.64,194.68,3246578.0
2022-12-26,194.48,197.17,192.26,195.1,4455571.0
2022-12-27,195.03,202.5,193.16,198.69,5494573.0
2022-12-28,198.28,198.56,191.78,193.23,5625000.0
2022-12-29,195.03,195.03,189.15,191.5,5766998.0
2022-12-30,192.82,195.44,188.67,191.99,6839936.0
2023-01-03,191.92,194.54,186.73,187.35,6273749.0
2023-01-04,186.73,199.66,186.04,198.63,12614914.0
2023-01-05,198.63,207.2,197.1,205.33,11488713.0
2023-01-06,206.79,214.39,204.78,212.11,14096859.0
2023-01-09,212.11,214.05,207.48,211.07,10644314.0
2023-01-10,211.9,215.71,208.03,214.32,6432322.0
2023-01-11,212.46,215.64,212.11,214.88,5985972.0
2023-01-12,214.32,220.0,213.01,216.75,7019394.0
2023-01-13,216.81,226.5,213.43,223.38,9411936.0
2023-01-16,222.42,228.23,218.89,223.38,10484165.0
2023-01-17,223.59,225.32,220.41,223.32,6402741.0
2023-01-18,223.38,225.25,215.43,216.47,10468076.0
2023-01-19,215.92,216.4,213.22,214.6,5672959.0
2023-01-20,214.81,215.71,210.38,213.84,5717391.0
2023-01-30,217.85,222.14,216.26,218.89,9589263.0
2023-01-31,216.19,217.71,205.96,207.55,11224603.0
2023-02-01,208.31,209.76,203.67,206.44,7212924.0
2023-02-02,207.2,207.89,202.22,205.26,6455209.0
2023-02-03,204.57,206.79,201.6,203.67,5641459.0
2023-02-06,202.43,202.64,198.49,199.25,5087244.0
2023-02-07,200.56,207.75,199.94,206.16,12054597.0
2023-02-08,207.2,207.48,198.63,199.39,7128807.0
2023-02-09,199.25,209.69,197.17,209.48,12621856.0
2023-02-10,209.69,210.94,203.33,206.44,6226064.0
2023-02-13,206.16,215.43,204.3,212.73,12155711.0
2023-02-14,214.6,217.09,210.24,213.01,6552682.0
2023-02-15,212.32,213.56,205.06,205.75,6900013.0
2023-02-16,205.75,206.58,199.87,201.6,5640011.0
2023-02-17,201.6,202.98,200.08,200.56,4693313.0
2023-02-20,200.42,220.62,199.87,220.62,17842138.0
2023-02-21,221.59,227.26,219.3,223.04,16484207.0
2023-02-22,221.66,222.28,216.61,218.89,10099369.0
2023-02-23,220.48,229.12,218.06,219.79,10017301.0
2023-02-24,218.54,219.79,214.53,215.43,5045455.0
2023-02-27,216.33,217.58,212.32,214.05,4718741.0
2023-02-28,214.26,215.57,210.45,212.94,5265150.0
2023-03-01,213.63,217.92,210.45,217.16,8599447.0
2023-03-02,215.36,220.13,214.12,217.37,7820211.0
2023-03-03,215.64,220.96,215.5,218.47,7198775.0
2023-03-06,219.72,219.72,211.07,214.32,8484080.0
2023-03-07,214.32,214.81,205.47,206.51,6875021.0
2023-03-08,202.84,205.33,200.7,202.77,5811384.0
2023-03-09,202.77,204.37,200.56,202.08,4682552.0
2023-03-10,201.12,202.57,193.65,194.2,9855166.0
2023-03-13,194.27,199.46,194.2,197.73,5237839.0
2023-03-14,197.73,197.73,192.12,193.09,5198925.0
2023-03-15,194.41,198.0,193.92,194.41,3962734.0
2023-03-16,193.65,196.0,190.53,191.71,4264381.0
2023-03-17,193.51,195.31,190.95,191.64,5613799.0
2023-03-20,192.26,193.51,186.59,187.14,7933501.0
2023-03-21,187.35,195.93,187.08,194.2,7361560.0
2023-03-22,194.54,198.21,193.58,195.1,4636867.0
2023-03-23,194.54,201.18,193.58,200.77,7204968.0
2023-03-24,200.91,201.25,197.24,198.07,3666171.0
2023-03-27,198.07,199.04,195.03,196.9,4096020.0
2023-03-28,196.9,198.0,195.03,195.51,2944840.0
2023-03-29,196.55,196.76,192.89,195.1,5570303.0
2023-03-30,193.72,204.78,192.26,204.71,10523577.0
2023-03-31,204.02,204.02,195.1,196.14,10094226.0
2023-04-03,198.21,205.61,196.62,201.95,9881171.0
2023-04-04,201.95,201.95,195.72,200.49,7470381.0
2023-04-06,198.76,204.02,197.66,201.12,5570465.0
2023-04-07,200.63,208.86,198.56,203.33,8990662.0
2023-04-10,203.47,204.99,200.42,203.05,4788881.0
2023-04-11,202.91,207.34,201.67,203.12,5219670.0
2023-04-12,203.95,204.57,196.76,198.0,6412633.0
2023-04-13,198.0,198.0,188.94,191.29,9426759.0
2023-04-14,191.57,192.19,185.21,186.38,12780387.0
2023-04-17,185.42,194.34,185.42,191.09,13780987.0
2023-04-18,191.23,202.91,190.4,196.27,18989894.0
2023-04-19,195.72,196.69,188.87,191.5,9488032.0
2023-04-20,191.5,196.55,190.05,190.53,6519955.0
2023-04-21,190.19,193.16,187.49,187.63,9368503.0
2023-04-24,187.63,196.07,183.76,185.21,10439772.0
2023-04-25,185.97,187.7,181.2,186.25,8138059.0
2023-04-26,183.34,183.34,176.36,178.22,17969395.0
2023-04-27,179.74,184.52,177.05,182.72,14199581.0
2023-04-28,183.48,186.04,179.12,180.16,9990485.0
2023-05-04,179.68,181.89,175.94,178.64,10259762.0
2023-05-05,178.36,178.36,172.9,175.66,11586298.0
2023-05-08,176.77,177.12,172.28,172.69,10927789.0
2023-05-09,172.9,174.77,170.13,171.79,11535234.0
2023-05-10,171.17,172.69,169.03,171.51,6127838.0
2023-05-11,171.58,173.24,170.62,171.17,4771618.0
2023-05-12,171.17,175.32,169.44,169.99,10235666.0
2023-05-15,170.55,170.96,166.67,170.41,6825938.0
2023-05-16,170.13,170.13,165.08,166.4,9130530.0
2023-05-17,165.98,167.85,165.29,166.54,4886894.0
2023-05-18,166.47,167.43,163.63,164.81,6255233.0
2023-05-19,165.43,172.07,165.43,170.96,12019579.0
2023-05-22,168.13,174.97,168.13,174.77,9756481.0
2023-05-23,174.97,176.01,172.9,174.07,5424789.0
2023-05-24,173.94,173.94,168.26,168.61,7539560.0
2023-05-25,168.26,170.96,167.5,169.09,6031712.0
2023-05-26,169.37,170.69,165.22,170.2,5272201.0
2023-05-29,170.27,172.34,168.89,169.44,6036131.0
2023-05-30,169.7,170.13,164.83,167.87,6903495.0
2023-05-31,167.02,167.94,164.34,164.9,5031132.0
2023-06-01,164.9,167.73,163.99,164.97,4109543.0
2023-06-02,165.89,177.19,165.47,176.41,13195365.0
2023-06-05,174.01,174.01,170.13,171.82,9692798.0
2023-06-06,171.47,180.01,170.48,176.76,16071084.0
2023-06-07,177.26,180.72,170.83,172.74,13008598.0
2023-06-08,171.75,176.98,168.72,175.92,12003173.0
2023-06-09,176.13,178.25,171.96,173.16,8399863.0
2023-06-12,171.33,185.38,171.12,181.14,20611612.0
2023-06-13,182.13,185.23,180.22,183.05,9271035.0
2023-06-14,186.65,187.0,180.72,183.96,11486485.0
2023-06-15,184.67,189.12,183.05,185.73,8672439.0
2023-06-16,185.31,188.48,182.41,184.46,9495249.0
2023-06-19,185.59,185.59,180.15,180.86,9743060.0
2023-06-20,180.08,183.89,178.32,178.67,8827249.0
2023-06-21,180.72,180.86,175.92,176.2,6732369.0
2023-06-26,175.35,178.81,173.87,175.78,6586235.0
2023-06-27,175.42,183.54,174.58,183.19,12405565.0
2023-06-28,183.12,183.12,178.32,181.07,6309451.0
2023-06-29,181.0,181.0,175.28,178.53,6653255.0
2023-06-30,179.94,182.83,177.75,178.53,8929180.0
2023-07-03,178.53,184.11,176.62,179.3,10040575.0
2023-07-04,179.8,179.8,177.05,178.53,6380768.0
2023-07-05,178.53,179.52,177.19,179.09,6518837.0
2023-07-06,177.96,182.34,177.89,178.6,5753941.0
2023-07-07,177.96,178.81,175.14,176.48,4989302.0
2023-07-10,176.83,178.03,175.92,176.83,3448990.0
2023-07-11,176.83,181.99,176.83,180.72,6418293.0
2023-07-12,181.07,183.4,178.74,178.95,4404381.0
2023-07-13,179.87,181.21,179.09,181.0,3314820.0
2023-07-14,180.72,180.72,172.25,172.81,12836627.0
2023-07-17,172.81,173.23,168.57,171.89,5542593.0
2023-07-18,172.74,173.87,170.55,173.52,4477972.0
2023-07-19,172.39,178.25,172.25,177.4,9244259.0
2023-07-20,177.47,182.41,176.98,179.52,12008592.0
2023-07-21,177.47,177.89,175.28,176.13,6090472.0
2023-07-24,178.25,179.52,173.66,174.08,6281456.0
2023-07-25,180.29,191.52,180.29,191.52,28090643.0
2023-07-26,193.21,195.26,189.33,190.53,25741490.0
2023-07-27,191.38,193.21,187.85,189.75,11225353.0
2023-07-28,191.02,201.96,190.53,199.99,21987386.0
2023-07-31,208.25,212.2,204.08,205.99,26761606.0
2023-08-01,205.99,205.99,199.99,201.12,11292229.0
2023-08-02,201.82,205.71,198.44,202.95,9179630.0
2023-08-03,202.18,203.66,198.36,202.95,7118819.0
2023-08-04,204.58,210.15,201.33,201.75,8225106.0
2023-08-07,201.19,201.89,197.59,199.07,9015281.0
2023-08-08,198.22,199.64,194.84,196.18,6085818.0
2023-08-09,196.11,196.6,193.0,194.13,4946724.0
2023-08-10,193.92,196.81,190.6,196.25,7887306.0
2023-08-11,195.75,198.44,190.74,190.95,7802002.0
2023-08-14,189.89,193.42,188.41,190.67,6066709.0
2023-08-15,190.74,192.93,186.65,188.06,8468490.0
2023-08-16,187.0,191.8,185.94,189.82,8105431.0
2023-08-17,188.98,197.09,188.34,193.49,8020703.0
2023-08-18,192.58,193.78,189.19,189.54,4377073.0
2023-08-21,189.75,193.49,187.92,188.27,6894217.0
2023-08-22,189.75,190.25,185.16,188.55,6589753.0
2023-08-23,188.48,189.75,183.75,184.53,6394306.0
2023-08-24,188.83,191.52,185.52,188.48,8451731.0
2023-08-25,188.48,193.28,187.14,189.26,8898494.0
2023-08-28,203.17,203.17,193.71,195.75,13330442.0
2023-08-29,195.68,196.95,192.72,195.89,10246926.0
2023-08-30,195.47,200.34,194.84,197.02,8893984.0
2023-08-31,196.81,200.34,193.71,194.06,8115263.0
2023-09-01,197.66,205.99,197.66,203.45,16608952.0
2023-09-04,209.52,216.01,206.13,215.66,27161084.0
2023-09-05,216.37,218.48,212.41,215.73,14069224.0
2023-09-06,217.5,217.5,209.31,211.35,11492518.0
2023-09-07,210.72,212.48,206.84,208.04,7342974.0
2023-09-08,207.05,208.95,202.67,206.27,5833294.0
2023-09-11,205.64,208.46,202.04,205.07,10963889.0
2023-09-12,205.49,206.13,202.18,202.46,7260596.0
2023-09-13,201.54,203.24,199.64,201.89,5894807.0
2023-09-14,202.46,202.46,197.73,199.07,4966246.0
2023-09-15,199.28,201.05,196.32,197.66,5234932.0
2023-09-18,198.15,199.64,195.19,198.01,5724370.0
2023-09-19,198.08,198.15,195.26,196.6,4078587.0
2023-09-20,195.19,196.81,194.13,195.54,4809320.0
2023-09-21,194.91,196.81,193.85,194.34,4488845.0
2023-09-22,195.19,197.24,192.93,193.56,7318849.0
2023-09-25,194.84,194.98,191.73,193.56,4085202.0
2023-09-26,194.55,194.98,192.65,192.93,3882006.0
2023-09-27,192.93,194.91,191.31,192.86,6402977.0
2023-09-28,193.07,193.78,189.89,190.25,4742157.0
2023-10-09,190.25,190.32,184.11,186.22,8281313.0
2023-10-10,186.01,186.79,181.7,182.69,9196529.0
2023-10-11,183.26,184.25,179.8,180.15,7871506.0
2023-10-12,181.07,182.2,179.23,180.86,5664068.0
2023-10-13,180.15,180.15,176.69,177.54,5977980.0
2023-10-16,177.75,178.6,175.35,176.27,5072634.0
2023-10-17,176.27,177.75,175.21,177.33,3889605.0
2023-10-18,177.4,178.03,175.07,175.35,3668279.0
2023-10-19,174.36,176.48,173.02,173.73,4321600.0
2023-10-20,173.66,175.28,172.67,173.45,3852767.0
2023-10-23,173.38,173.73,168.57,169.63,4532205.0
2023-10-24,175.42,175.42,167.3,168.57,9147294.0
2023-10-25,172.25,172.25,168.15,168.72,8350782.0
2023-10-26,168.93,168.93,160.95,162.08,16466706.0
2023-10-27,162.15,164.41,161.59,163.56,15711433.0
2023-10-30,163.56,165.33,163.07,164.41,11153885.0
2023-10-31,165.26,165.33,161.66,163.07,7906986.0
2023-11-01,164.27,164.27,160.32,161.66,8913493.0
2023-11-02,161.66,163.49,161.3,161.94,6200000.0
2023-11-03,162.64,164.34,162.01,163.7,8070118.0
2023-11-06,165.12,168.43,164.76,168.08,10919306.0
2023-11-07,167.73,167.87,165.19,166.17,8373302.0
2023-11-08,165.96,168.08,165.12,166.95,7234920.0
2023-11-09,167.45,167.8,165.96,166.74,4184185.0
2023-11-10,165.89,166.1,164.27,165.61,5523842.0
2023-11-13,165.26,165.89,162.43,163.56,6651572.0
2023-11-14,163.7,164.76,163.21,164.34,6119758.0
2023-11-15,166.39,168.22,164.83,165.89,9891322.0
2023-11-16,165.89,165.89,164.62,164.83,4224499.0
2023-11-17,164.69,165.4,162.43,164.27,5711377.0
2023-11-20,164.13,166.74,163.07,165.4,6512290.0
2023-11-21,166.6,169.92,165.96,167.94,12011366.0
2023-11-22,166.95,166.95,165.05,165.12,6161324.0
2023-11-23,165.33,169.21,164.34,168.72,8801708.0
2023-11-24,169.35,170.48,167.02,168.22,5837130.0
2023-11-27,167.16,168.22,163.77,164.97,6194959.0
2023-11-28,165.05,167.66,164.13,167.45,6394325.0
2023-11-29,167.3,167.87,164.69,165.12,5888387.0
2023-11-30,164.27,165.61,163.85,163.99,4814138.0
2023-12-01,162.86,163.63,156.93,160.39,15692369.0
2023-12-04,159.54,160.24,157.92,159.75,6111473.0
2023-12-05,159.68,159.68,157.42,157.56,3963951.0
2023-12-06,157.56,159.61,156.43,158.13,3725866.0
2023-12-07,158.48,158.9,156.72,158.55,4473148.0
2023-12-08,157.77,158.48,156.57,156.57,5023093.0
2023-12-11,156.36,158.41,151.77,158.13,6719046.0
2023-12-12,158.13,158.34,154.67,156.79,6443945.0
2023-12-13,156.22,157.42,150.93,151.91,10537366.0
2023-12-14,154.03,156.36,152.97,153.33,5684318.0
2023-12-15,153.89,157.56,153.89,154.6,6696827.0
2023-12-18,153.89,154.24,151.07,151.21,4353637.0
2023-12-19,150.71,151.63,150.36,151.42,3090456.0
2023-12-20,151.84,151.91,149.09,149.09,3051006.0
2023-12-21,149.09,152.69,148.74,152.27,4575344.0
2023-12-22,151.77,155.16,151.21,154.46,5840593.0
2023-12-25,154.17,154.17,151.49,151.99,3550300.0
2023-12-26,151.91,151.91,149.73,150.5,2691143.0
2023-12-27,150.71,151.42,149.16,149.73,3415706.0
2023-12-28,149.37,154.24,148.74,153.19,6720548.0
2023-12-29,152.62,154.39,152.27,153.75,5454418.0
2024-01-02,153.96,154.74,151.42,151.42,5786496.0
2024-01-03,151.28,153.47,151.21,152.06,4796622.0
2024-01-04,152.13,152.27,149.16,150.36,4960753.0
2024-01-05,150.36,154.17,149.51,151.63,8536394.0
2024-01-08,151.63,152.13,147.4,148.03,8001424.0
2024-01-09,148.31,151.35,147.19,150.71,6281583.0
2024-01-10,150.77,155.39,149.83,153.37,6841653.0
2024-01-11,153.37,157.13,152.79,156.12,8601695.0
2024-01-12,156.04,158.94,155.61,157.71,6779300.0
2024-01-15,157.42,158.65,154.31,155.1,8478116.0
2024-01-16,155.25,156.77,153.66,154.96,5587693.0
2024-01-17,154.24,156.04,153.08,153.08,4578190.0
2024-01-18,152.86,153.15,148.53,152.07,6159600.0
2024-01-19,151.64,152.5,148.6,150.12,7242641.0
2024-01-22,149.61,149.61,143.18,143.83,6702369.0
2024-01-23,143.83,145.64,142.1,142.67,8498752.0
2024-01-24,143.76,148.89,143.4,148.6,10145351.0
2024-01-25,148.82,154.53,148.17,153.8,8007769.0
2024-01-26,154.31,157.13,152.65,154.96,6761437.0
2024-01-29,155.32,166.24,155.32,158.5,13490350.0
2024-01-30,157.27,157.85,154.38,154.38,6870568.0
2024-01-31,153.37,159.01,152.21,157.06,10473374.0
2024-02-01,156.04,160.96,155.18,159.01,9153207.0
2024-02-02,158.65,159.95,153.66,159.01,9883267.0
2024-02-05,157.63,163.78,154.82,161.39,12278340.0
2024-02-06,159.8,167.32,159.01,167.32,12724783.0
2024-02-07,166.96,173.46,165.51,173.46,13616235.0
2024-02-08,173.46,179.82,167.18,168.33,18216878.0
2024-02-19,170.57,172.31,166.24,168.48,13649553.0
2024-02-20,167.97,173.25,167.18,171.37,10401752.0
2024-02-21,170.86,176.64,169.56,174.4,11596037.0
2024-02-22,173.54,176.14,172.74,174.33,8623587.0
2024-02-23,174.19,174.26,168.77,170.64,10538099.0
2024-02-26,172.74,177.08,172.02,175.78,12209488.0
2024-02-27,175.7,178.45,174.04,178.31,8996278.0
2024-02-28,177.51,182.79,177.51,179.75,12877964.0
2024-02-29,178.09,182.14,177.15,180.69,10607726.0
2024-03-01,181.2,181.41,178.81,179.82,6034746.0
2024-03-04,180.33,184.59,179.9,181.49,9033011.0
2024-03-05,180.04,181.49,177.37,178.38,8592800.0
2024-03-06,178.38,181.92,178.16,179.97,6569850.0
2024-03-07,180.84,183.58,177.08,177.44,7057282.0
2024-03-08,177.22,178.81,175.27,177.94,7355152.0
2024-03-11,177.22,179.1,175.34,177.51,6744884.0
2024-03-12,177.58,181.56,175.2,180.11,11162301.0
2024-03-13,179.25,184.09,179.25,181.7,9393134.0
2024-03-14,181.7,183.58,180.69,181.34,4293134.0
2024-03-15,180.69,181.49,178.96,181.41,4678895.0
2024-03-18,181.85,182.14,178.16,180.4,5322194.0
2024-03-19,180.4,181.63,179.32,179.39,3599693.0
2024-03-20,179.97,180.55,178.16,179.82,3955567.0
2024-03-21,179.53,180.26,175.34,175.92,7444130.0
2024-03-22,175.27,176.28,173.68,173.82,5349683.0
2024-03-25,173.68,176.93,172.16,174.19,4540761.0
2024-03-26,174.19,174.91,171.95,172.96,3519504.0
2024-03-27,172.88,175.49,172.23,172.74,3649125.0
2024-03-28,172.67,174.91,171.58,173.1,3844547.0
2024-03-29,172.52,173.68,170.79,172.88,2796235.0
2024-04-01,171.87,177.51,171.87,177.44,4643319.0
2024-04-02,176.86,178.38,175.34,175.63,3619043.0
2024-04-03,175.49,176.79,174.19,174.84,4351166.0
2024-04-08,175.63,176.21,168.04,168.62,6666312.0
2024-04-09,168.91,170.93,168.11,168.91,5068007.0
2024-04-10,168.4,168.91,164.93,165.8,5408365.0
2024-04-11,165.51,167.61,164.43,166.38,6137260.0
2024-04-12,169.13,171.73,167.9,169.34,5403858.0
2024-04-15,169.49,173.39,168.84,170.79,7470995.0
2024-04-16,170.14,174.62,168.48,170.36,9823085.0
2024-04-17,170.28,174.91,168.77,174.91,11421187.0
2024-04-18,173.75,181.7,173.54,177.94,12866897.0
2024-04-19,177.08,180.04,176.35,178.45,8755916.0
2024-04-22,178.59,181.92,176.43,177.0,8106683.0
2024-04-23,175.34,177.87,174.62,176.5,7639437.0
2024-04-24,176.43,176.79,168.55,172.02,10404578.0
2024-04-25,169.2,169.85,160.02,162.62,29125301.0
2024-04-26,161.03,165.08,159.08,164.14,22704954.0
2024-04-29,163.2,173.46,162.69,172.38,25145399.0
2024-04-30,172.6,174.47,168.77,171.22,11361069.0
2024-05-06,174.84,180.4,174.62,179.25,18264848.0
2024-05-07,178.38,178.45,174.47,178.16,11753697.0
2024-05-08,177.8,179.1,173.1,173.32,7624613.0
2024-05-09,173.46,178.31,173.17,176.35,8687420.0
2024-05-10,176.21,177.22,172.81,176.43,10082321.0
2024-05-13,175.85,180.33,173.25,179.03,9364402.0
2024-05-14,177.87,179.61,175.49,177.51,7783258.0
2024-05-15,176.64,191.17,176.43,188.57,25737285.0
2024-05-16,188.5,192.11,185.75,189.58,24096891.0
2024-05-17,189.15,193.85,184.38,193.41,25479063.0
2024-05-20,193.77,198.18,192.25,194.64,23148513.0
2024-05-21,191.6,196.01,190.81,193.92,13055864.0
2024-05-22,193.92,194.21,187.34,188.35,12905936.0
2024-05-23,187.48,189.44,184.88,187.85,9109595.0
2024-05-24,186.26,187.56,183.36,185.17,7797332.0
2024-05-27,185.53,186.4,181.41,184.88,9788800.0
2024-05-28,184.74,186.55,181.99,182.43,6595165.0
2024-05-29,183.14,183.59,180.64,181.45,4877756.0
2024-05-30,181.08,182.7,179.38,181.82,7993400.0
2024-05-31,181.52,183.07,177.39,177.54,10149109.0
2024-06-03,176.95,178.2,174.3,175.33,7173450.0
2024-06-04,175.62,179.16,174.37,178.35,7099304.0
2024-06-05,178.72,179.9,175.18,175.4,5062240.0
2024-06-06,175.4,177.69,174.74,176.07,4867825.0
2024-06-07,176.29,177.25,170.76,173.78,9280233.0
2024-06-11,173.26,177.39,171.94,175.99,5199600.0
2024-06-12,175.92,178.42,175.48,177.32,4410594.0
2024-06-13,177.32,178.06,174.07,174.59,5176781.0
2024-06-14,173.71,178.35,173.71,177.76,5702761.0
2024-06-17,176.73,177.54,174.81,175.11,3715690.0
2024-06-18,175.33,175.62,172.01,172.31,4467632.0
2024-06-19,172.38,172.75,168.55,169.5,5862158.0
2024-06-20,168.18,169.8,166.04,166.78,4237098.0
2024-06-21,166.19,167.96,165.15,166.55,4455440.0
2024-06-24,165.52,166.04,161.47,164.2,6466213.0
2024-06-25,164.2,170.24,163.75,168.4,6732572.0
2024-06-26,167.51,170.76,167.22,169.21,3779976.0
2024-06-27,168.77,170.83,164.05,165.67,4986191.0
2024-06-28,165.15,166.11,161.84,162.94,6972251.0
2024-07-01,162.57,166.41,162.57,165.3,4124500.0
2024-07-02,164.64,167.0,159.99,161.91,6465008.0
2024-07-03,162.2,164.42,161.02,161.1,4481590.0
2024-07-04,160.66,162.2,158.67,158.96,3628347.0
2024-07-05,159.26,161.1,157.78,159.62,3477395.0
2024-07-08,159.4,159.55,153.28,156.08,6450846.0
2024-07-09,154.46,156.38,151.88,156.08,5774119.0
2024-07-10,154.98,155.57,152.99,153.73,3143480.0
2024-07-11,155.5,158.15,154.32,155.94,4945873.0
2024-07-12,156.31,158.52,154.98,157.12,4168153.0
2024-07-15,156.45,156.45,153.58,154.61,3343481.0
2024-07-16,154.91,155.13,152.62,153.95,4338259.0
2024-07-17,153.43,156.01,152.18,154.98,5192000.0
2024-07-18,154.46,156.6,153.43,156.16,3346366.0
2024-07-19,155.72,155.72,153.73,155.42,4569171.0
2024-07-22,155.42,155.86,152.84,153.73,4238663.0
2024-07-23,153.06,153.36,150.63,150.78,3415894.0
2024-07-24,150.19,151.0,148.34,148.79,2822078.0
2024-07-25,148.27,150.26,147.97,149.15,2483688.0
2024-07-26,162.2,163.61,155.57,159.85,16433557.0
2024-07-29,159.62,160.88,152.84,153.14,11522568.0
2024-07-30,152.4,155.05,150.7,151.37,5963482.0
2024-07-31,151.29,159.99,149.74,159.85,12632197.0
2024-08-01,159.55,161.76,157.19,157.93,6217316.0
2024-08-02,156.97,159.92,156.01,156.45,3872600.0
2024-08-05,155.27,160.73,154.91,154.91,5274700.0
2024-08-06,156.16,157.26,153.95,156.6,4378190.0
2024-08-07,156.31,157.41,154.68,155.57,3702610.0
2024-08-08,154.91,158.89,154.61,156.31,6766729.0
2024-08-09,156.82,158.59,154.91,155.35,4360616.0
2024-08-12,154.98,155.35,152.77,153.87,3097812.0
2024-08-13,154.17,155.05,151.15,153.14,3092734.0
2024-08-14,152.99,153.06,150.11,150.26,3823600.0
2024-08-15,150.19,151.81,149.15,150.92,3576065.0
2024-08-16,149.82,150.85,148.2,148.79,4851500.0
2024-08-19,148.49,151.59,148.49,149.89,3620740.0
2024-08-20,149.23,149.67,145.17,145.91,5261588.0
2024-08-21,145.25,145.84,142.44,145.17,5149700.0
2024-08-22,144.88,145.47,140.23,140.53,7234759.0
2024-08-23,140.09,142.81,139.27,142.08,5242633.0
2024-08-26,143.55,143.92,140.31,142.22,4898912.0
2024-08-27,136.4,138.02,134.04,135.0,10794176.0
2024-08-28,134.19,134.85,132.05,133.97,5903142.0
2024-08-29,134.04,135.37,132.93,135.29,4979108.0
2024-08-30,134.63,143.11,133.38,136.62,16528311.0
2024-09-02,137.73,138.46,133.6,133.6,9064179.0
2024-09-03,133.6,137.43,133.23,136.77,7779681.0
2024-09-04,136.47,138.02,135.37,136.25,4840998.0
2024-09-05,136.78,138.37,135.34,136.4,6386956.0
2024-09-06,136.33,136.78,134.89,135.11,5047739.0
2024-09-09,135.11,136.02,133.68,134.21,5762346.0
2024-09-10,134.36,136.4,132.39,135.87,6018546.0
2024-09-11,135.11,138.45,134.21,137.31,5021980.0
2024-09-12,137.31,138.53,135.49,135.72,3408526.0
2024-09-13,135.49,136.48,134.51,134.51,2534986.0
2024-09-18,134.43,138.07,133.75,136.78,4951804.0
2024-09-19,137.09,141.33,136.78,138.98,11065436.0
2024-09-20,138.6,143.0,137.31,141.94,8735979.0
2024-09-23,141.48,143.37,140.19,141.33,4534400.0
2024-09-24,142.77,146.03,141.48,145.72,11004100.0
2024-09-25,146.48,150.42,145.8,147.77,12535882.0
2024-09-26,147.24,157.92,146.63,157.77,17004145.0
2024-09-27,160.73,165.96,158.83,162.55,21252489.0
2024-09-30,169.59,176.95,168.08,175.66,29285687.0
2024-10-08,193.24,193.24,170.5,177.32,36480019.0
2024-10-09,173.08,173.08,159.97,161.79,22154847.0
2024-10-10,161.79,167.32,160.96,163.23,14627668.0
2024-10-11,163.46,164.82,159.36,161.03,8842835.0
2024-10-14,161.18,170.05,159.89,168.08,18103241.0
2024-10-15,168.08,174.22,165.65,168.99,17936270.0
2024-10-16,167.02,175.66,165.88,170.58,16597997.0
2024-10-17,170.66,176.57,169.9,170.58,15314704.0
2024-10-18,170.5,176.57,169.9,174.52,18033572.0
2024-10-21,174.22,177.17,171.34,174.37,12336503.0
2024-10-22,174.29,182.4,173.0,179.6,16926458.0
2024-10-23,179.67,182.4,177.02,177.85,9456791.0
2024-10-24,177.48,178.69,173.31,174.37,10023916.0
2024-10-25,174.14,177.4,173.61,176.26,7644347.0
2024-10-28,175.81,183.99,174.37,181.49,17607606.0
2024-10-29,181.42,190.06,180.36,184.6,17649741.0
2024-10-30,184.75,185.58,181.8,182.4,11043069.0
2024-10-31,182.33,185.66,177.63,184.14,13313282.0
2024-11-01,183.99,184.75,180.89,181.95,7356538.0
2024-11-04,181.95,183.54,179.75,180.58,7527353.0
2024-11-05,179.98,181.04,176.57,180.2,12952439.0
2024-11-06,180.28,180.28,175.2,178.16,14458385.0
2024-11-07,176.79,184.9,176.57,184.52,13660015.0
2024-11-08,186.65,187.4,180.51,184.14,12179806.0
2024-11-11,182.7,182.86,178.16,179.37,12576219.0
2024-11-12,179.6,183.24,178.23,179.9,10581675.0
2024-11-13,178.92,180.89,177.1,177.93,7570877.0
2024-11-14,177.93,180.73,177.02,177.48,6739512.0
2024-11-15,176.19,178.39,172.1,172.25,8928860.0
2024-11-18,172.85,176.57,170.5,171.49,8642510.0
2024-11-19,171.56,173.31,170.13,170.5,6884681.0
2024-11-20,171.49,171.64,168.53,170.35,8221469.0
2024-11-21,170.35,171.56,168.76,170.05,6468027.0
2024-11-22,170.05,171.41,166.03,166.03,10806200.0
2024-11-25,166.94,169.44,165.65,167.25,9095779.0
2024-11-26,167.25,170.43,165.28,166.41,7352900.0
2024-11-27,166.41,173.54,165.5,173.54,13170212.0
2024-11-28,173.54,173.61,169.9,170.5,7010214.0
2024-11-29,169.82,173.16,169.82,171.72,6262753.0
2024-12-02,171.34,172.78,168.84,171.72,6308949.0
2024-12-03,171.49,171.79,168.61,170.66,6441498.0
2024-12-04,170.5,171.49,169.22,169.9,4413177.0
2024-12-05,168.99,170.28,167.93,169.14,4549700.0
2024-12-06,169.29,173.69,168.91,173.46,8823784.0
2024-12-09,172.93,174.52,170.2,171.87,6505525.0
2024-12-10,178.08,182.17,174.67,175.28,11227038.0
2024-12-11,175.05,177.7,174.29,175.81,5363682.0
2024-12-12,176.49,179.6,173.54,179.14,8789359.0
2024-12-13,178.08,178.92,173.54,173.91,9186892.0
2024-12-16,174.29,174.52,171.56,172.4,5428985.0
2024-12-17,172.4,173.91,171.34,171.56,4022185.0
2024-12-18,171.56,174.44,171.56,172.02,3978248.0
2024-12-19,170.88,171.34,168.91,169.67,5286325.0
2024-12-20,169.22,170.5,165.58,166.03,9483612.0
2024-12-23,165.81,167.7,165.43,165.88,5911540.0
2024-12-24,165.81,168.61,165.65,166.79,6718614.0
2024-12-25,167.17,167.4,164.14,165.5,4209900.0
2024-12-26,164.97,165.88,163.76,164.21,4506168.0
2024-12-27,163.84,165.5,162.17,163.68,4983278.0
2024-12-30,163.31,164.44,161.49,162.77,7353100.0
2024-12-31,162.85,165.88,162.32,162.4,7474645.0
2025-01-02,162.47,168.0,161.41,162.93,11479659.0
2025-01-03,162.62,166.64,159.97,160.65,11609050.0
2025-01-06,160.58,162.93,158.83,160.35,6104084.0
2025-01-07,160.35,164.29,159.21,163.53,7543230.0
2025-01-08,162.93,166.56,159.52,165.05,8967023.0
2025-01-09,164.74,166.34,161.64,161.79,6869863.0
2025-01-10,161.71,162.17,156.18,156.26,7630799.0
2025-01-13,156.11,158.15,154.67,155.95,4677200.0
2025-01-14,155.58,158.15,154.67,157.85,8653875.0
2025-01-15,157.39,158.0,154.06,154.59,8976379.0
2025-01-16,155.35,163.31,154.82,159.14,17250574.0
2025-01-17,157.62,160.05,153.23,158.99,14903639.0
2025-01-20,159.82,161.71,157.77,160.58,8526014.0
2025-01-21,160.65,161.56,158.15,160.58,7016965.0
2025-01-22,159.29,160.65,155.42,156.48,7441464.0
2025-01-23,157.62,158.23,155.65,156.79,6530592.0
2025-01-24,156.71,159.06,155.65,157.85,6346715.0
2025-01-27,158.23,160.88,157.7,158.3,7353579.0
2025-02-05,159.29,159.82,153.98,154.97,8477159.0
2025-02-06,154.29,154.74,151.18,154.51,11679163.0
2025-02-07,153.76,158.99,152.92,156.94,9312451.0
2025-02-10,158.53,160.27,156.94,159.44,8556277.0
2025-02-11,159.44,160.27,157.77,159.36,4545834.0
2025-02-12,158.38,160.65,157.32,160.58,5347427.0
2025-02-13,160.12,168.08,159.36,163.68,13770289.0
2025-02-14,163.61,165.43,162.93,164.44,5895208.0
2025-02-17,164.44,164.97,160.43,161.79,7222582.0
2025-02-18,161.33,162.02,158.46,159.36,5623150.0
2025-02-19,158.61,160.88,157.47,159.59,7028852.0
2025-02-20,159.89,160.88,158.46,160.2,5997552.0
2025-02-21,159.36,160.35,157.62,159.74,9330422.0
2025-02-24,159.52,162.17,159.14,159.44,9783145.0
2025-02-25,158.46,158.91,156.56,157.02,6763703.0
2025-02-26,157.09,160.88,157.09,159.36,7678387.0
2025-02-27,159.82,167.47,159.36,167.4,19435562.0
2025-02-28,167.4,172.47,166.72,171.56,18589063.0
2025-03-03,170.28,173.31,165.81,166.49,10767991.0
2025-03-04,166.72,168.46,165.2,165.58,5195525.0
2025-03-05,165.58,167.02,163.53,164.44,6546200.0
2025-03-06,165.05,169.37,163.15,169.14,11736080.0
2025-03-07,168.38,170.73,167.32,169.14,6777637.0
2025-03-10,169.06,173.84,168.61,173.23,10683674.0
2025-03-11,171.34,175.13,170.58,175.05,8471305.0
2025-03-12,174.98,181.04,173.61,177.25,13436200.0
2025-03-13,176.87,178.92,175.05,176.41,8646704.0
2025-03-14,175.88,179.45,173.0,176.04,14765717.0
2025-03-17,178.01,183.31,177.7,180.58,12870546.0
2025-03-18,180.36,183.24,179.29,181.11,8112868.0
2025-03-19,180.89,182.25,178.69,181.57,6254719.0
2025-03-20,181.72,183.01,179.07,179.29,5981702.0
2025-03-21,178.84,180.66,175.43,176.79,8276153.0
2025-03-24,176.72,182.63,176.72,179.37,10938557.0
2025-03-25,181.04,181.11,176.95,178.16,7314245.0
2025-03-26,177.55,179.45,174.14,176.04,6810050.0
2025-03-27,175.81,177.32,174.44,176.26,4327494.0
2025-03-28,176.64,178.46,174.98,176.34,2974900.0
2025-03-31,175.66,177.48,171.49,172.02,5997300.0
2025-04-01,173.08,173.08,170.35,171.34,7302548.0
2025-04-02,172.17,173.46,171.03,172.55,2851866.0
2025-04-03,171.87,173.16,169.82,170.43,4678100.0
2025-04-07,166.34,166.87,155.58,161.71,10068243.0
2025-04-08,161.71,168.08,160.35,167.02,10173552.0
2025-04-09,165.2,172.78,161.87,171.34,10541310.0
2025-04-10,171.34,172.93,168.31,171.87,7362500.0
2025-04-11,170.13,170.88,166.41,167.93,6665371.0
2025-04-14,169.37,170.88,165.2,166.26,5048848.0
2025-04-15,166.11,166.94,163.53,165.35,6187266.0
2025-04-16,164.97,166.64,163.08,164.06,4240000.0
2025-04-17,163.68,169.22,162.7,167.4,5889266.0
2025-04-18,167.47,168.15,165.35,165.88,2733568.0
2025-04-21,165.28,165.88,164.06,165.43,3214190.0
2025-04-22,165.05,165.58,163.53,163.99,3286444.0
2025-04-23,164.52,166.41,163.68,164.44,4392267.0
2025-04-24,164.59,165.2,162.02,162.55,5259795.0
2025-04-25,162.85,166.34,162.85,163.84,5805931.0
2025-04-28,163.91,163.99,159.29,160.27,8019051.0
2025-04-29,157.62,158.99,146.18,148.91,34049595.0
2025-04-30,148.07,151.26,147.69,148.3,14192849.0
2025-05-06,149.59,149.66,147.69,149.66,10016988.0
2025-05-07,150.8,152.77,149.36,150.5,12420225.0
2025-05-08,149.66,151.1,149.36,151.03,8837207.0
2025-05-09,151.41,151.79,149.89,150.27,7303977.0
2025-05-12,150.57,153.0,150.57,152.32,9526136.0
2025-05-13,154.06,155.27,152.54,153.45,7886168.0
2025-05-14,153.45,154.44,150.95,153.0,7076648.0
2025-05-15,152.7,153.3,151.71,152.24,4795064.0
2025-05-16,151.86,152.7,151.41,152.47,5078967.0
2025-05-19,151.79,152.39,150.2,151.41,6584333.0
2025-05-20,151.48,153.98,150.73,152.7,9712198.0
2025-05-21,152.7,153.45,152.17,152.47,5188994.0
2025-05-22,152.01,152.62,151.26,151.71,3712141.0
2025-05-23,151.71,154.74,151.56,151.63,9570108.0
2025-05-26,151.18,151.71,150.5,150.73,4711300.0
2025-05-27,150.95,151.56,150.27,151.33,3614803.0
2025-05-28,151.56,151.71,150.04,150.65,5219200.0
2025-05-29,150.27,151.26,149.89,150.8,4821240.0
2025-05-30,150.88,151.26,149.74,149.97,5267800.0
2025-06-03,148.53,149.97,148.15,148.45,7234591.0
2025-06-04,148.84,149.0,147.36,148.06,10860707.0
2025-06-05,148.06,148.92,147.29,148.45,8483900.0
2025-06-06,148.69,148.76,147.91,148.14,4242600.0
2025-06-09,148.14,148.53,147.67,148.22,6092624.0
2025-06-10,148.22,148.69,146.2,146.74,8731464.0
2025-06-11,146.82,147.67,146.12,147.13,5796147.0
2025-06-12,146.82,147.21,145.81,146.12,8984499.0
2025-06-13,145.65,146.74,144.49,145.11,8591714.0
2025-06-16,145.11,146.04,144.49,145.5,7050495.0
2025-06-17,145.65,146.59,144.8,145.03,7071475.0
2025-06-18,144.64,145.03,143.32,143.86,6445527.0
2025-06-19,143.32,144.18,141.14,141.84,9903023.0
2025-06-20,141.76,142.7,141.14,141.84,5603069.0
2025-06-23,141.53,143.09,141.45,142.93,5562489.0
2025-06-24,143.24,145.73,143.09,145.57,8808919.0
2025-06-25,145.73,146.97,145.57,146.82,8685505.0
2025-06-26,146.9,146.97,145.5,145.65,5957941.0
2025-06-27,146.2,147.13,145.81,146.51,5894667.0
2025-06-30,146.82,147.99,146.59,147.83,6411611.0
2025-07-01,147.75,147.83,146.82,147.21,4261776.0
2025-07-02,147.29,148.06,147.13,147.67,4279000.0
2025-07-03,147.52,148.37,147.36,147.6,3939100.0
2025-07-04,147.67,147.91,146.27,146.51,4375700.0
2025-07-07,146.82,147.44,146.27,147.13,4487612.0
2025-07-08,147.13,147.36,146.35,147.29,5070072.0
2025-07-09,147.29,147.83,146.82,146.97,5569600.0
2025-07-10,146.97,148.3,146.66,148.22,7399536.0
2025-07-11,148.45,149.62,147.91,148.14,8287004.0
2025-07-14,148.37,149.46,148.22,149.15,6860520.0
2025-07-15,148.76,149.39,147.29,147.91,5827367.0
2025-07-16,147.99,148.69,147.52,148.53,4650058.0
2025-07-17,148.45,148.92,147.75,148.45,4628600.0
2025-07-18,148.14,148.92,148.14,148.69,5074460.0
2025-07-21,149.0,151.1,148.84,150.79,9424897.0
2025-07-22,150.86,151.17,150.01,151.17,7899933.0
2025-07-23,151.64,153.97,151.25,152.57,10605511.0
2025-07-24,152.5,152.73,151.41,152.42,8754260.0
2025-07-25,152.73,153.58,151.8,152.42,7163550.0
2025-07-28,152.5,152.81,150.86,151.25,7162376.0
2025-07-29,151.41,151.87,149.31,150.86,6683160.0
2025-07-30,150.86,153.04,150.63,151.8,9485873.0
2025-07-31,151.8,151.8,148.22,148.37,10373836.0
2025-08-01,148.37,149.77,148.14,149.62,4656399.0
2025-08-04,148.92,150.09,148.61,149.93,4138894.0
2025-08-05,150.01,151.17,149.62,151.17,4717574.0
2025-08-06,151.25,151.64,150.4,151.25,3891157.0
2025-08-07,151.25,151.87,150.55,151.8,4830524.0
2025-08-08,151.41,151.64,150.71,150.94,2800788.0
2025-08-11,150.94,151.8,150.32,151.49,4191120.0
2025-08-12,151.56,152.26,151.1,151.41,4889360.0
2025-08-13,151.87,152.11,150.79,150.86,4569585.0
2025-08-14,151.17,151.17,149.0,149.15,7491500.0
2025-08-15,148.92,150.94,148.53,150.86,5951514.0
2025-08-18,151.25,151.95,150.86,151.72,9457533.0
2025-08-19,151.72,152.34,150.79,151.33,6712303.0
2025-08-20,150.79,153.43,150.32,153.35,9422637.0
2025-08-21,154.05,154.91,153.35,154.13,8987225.0
2025-08-22,154.13,154.28,152.57,153.43,7899631.0
2025-08-25,154.13,155.84,153.2,155.53,12158292.0
2025-08-26,155.53,158.41,154.75,157.4,11892930.0
2025-08-27,157.47,157.94,153.9,153.9,9849144.0
2025-08-28,155.45,159.34,155.37,158.56,18847272.0
2025-08-29,158.25,160.19,157.08,158.25,11247170.0
2025-09-01,158.64,158.87,156.38,157.08,7737520.0
2025-09-02,156.93,157.47,154.75,155.61,7448925.0
2025-09-03,155.61,156.23,153.27,153.43,6907920.0
2025-09-04,153.2,154.36,151.72,153.12,6355066.0
2025-09-05,153.12,154.52,152.03,154.52,7960973.0
2025-09-08,154.98,159.18,154.67,157.94,9033363.0
2025-09-09,157.86,159.03,156.62,158.33,8960029.0
2025-09-10,157.55,158.25,157.08,157.71,5720244.0
2025-09-11,157.08,157.86,156.31,157.63,9539844.0
2025-09-12,158.27,158.51,155.48,155.48,14135875.0
2025-09-15,155.48,156.11,153.56,155.24,8794348.0
2025-09-16,155.4,156.67,154.6,156.03,6684262.0
2025-09-17,156.27,159.7,156.11,159.46,10337440.0
2025-09-18,159.22,159.7,155.08,155.64,11096952.0
2025-09-19,155.64,157.23,154.28,156.99,9539875.0
2025-09-22,156.27,156.75,152.76,153.24,10021807.0
2025-09-23,153.32,153.48,150.05,152.21,9407686.0
2025-09-24,151.49,153.0,150.69,152.37,5944031.0
2025-09-25,152.37,152.37,150.85,151.41,6747505.0
2025-09-26,151.09,151.17,149.1,149.89,6713472.0
2025-09-29,150.77,151.41,149.26,150.77,8764300.0
2025-09-30,151.41,153.0,151.17,152.13,7267904.0
2025-10-09,152.13,152.69,150.77,150.85,9220964.0
2025-10-10,150.69,152.29,150.21,151.65,6927234.0
2025-10-13,149.97,149.97,148.62,149.5,8531413.0
2025-10-14,150.13,152.05,149.58,150.53,8489887.0
2025-10-15,150.69,152.05,150.13,150.93,4734895.0
2025-10-16,151.25,151.25,150.13,150.61,4541600.0
2025-10-17,150.05,150.77,148.78,148.94,7336291.0
2025-10-20,150.13,150.21,147.9,148.94,5221100.0
2025-10-21,149.1,149.74,148.7,149.42,3591565.0
2025-10-22,149.26,150.93,148.94,150.69,4483866.0
2025-10-23,150.53,151.65,149.89,151.65,4110900.0
2025-10-24,151.65,151.73,149.89,150.45,4549703.0
2025-10-27,150.61,152.53,150.13,150.77,6509503.0
2025-10-28,150.77,151.33,150.13,150.13,3707286.0
2025-10-29,149.97,151.09,149.42,151.01,3993162.0
2025-10-30,152.61,157.07,152.29,152.84,20866303.0
2025-10-31,153.16,156.27,152.61,155.87,12588035.0
2025-11-03,155.95,156.91,155.08,156.51,7174792.0
2025-11-04,156.19,157.07,154.76,155.79,6121825.0
2025-11-05,154.76,155.95,153.8,155.56,5998244.0
2025-11-06,155.56,156.59,154.84,155.56,5422696.0
2025-11-07,155.71,157.31,155.0,155.95,6016926.0
2025-11-10,156.11,159.3,155.79,159.06,8588860.0
2025-11-11,159.14,159.38,158.11,158.51,5316771.0
2025-11-12,158.43,164.09,158.43,162.65,16065210.0
2025-11-13,162.65,162.73,161.14,162.41,7628305.0
2025-11-14,162.33,164.01,160.42,160.9,7519016.0
2025-11-17,160.98,161.61,156.91,157.71,7373855.0
2025-11-18,158.03,161.06,157.71,158.27,6807946.0
2025-11-19,158.27,158.98,156.59,157.39,4864634.0
2025-11-20,157.39,160.5,156.91,158.82,7060225.0
2025-11-21,158.74,161.46,157.15,158.74,10979799.0
2025-11-24,158.66,163.77,158.27,161.85,14787578.0
2025-11-25,161.85,162.81,160.1,161.93,7430636.0
2025-11-26,161.38,163.45,160.9,162.41,6544012.0
2025-11-27,162.25,164.96,161.54,163.69,8409700.0
2025-11-28,163.05,164.49,162.57,163.37,8195298.0
2025-12-01,162.41,162.41,159.46,161.22,11536864.0
2025-12-02,161.22,166.16,160.74,164.57,13707074.0
2025-12-03,163.93,165.52,163.45,164.41,6259703.0
2025-12-04,163.77,164.72,161.22,162.25,5370434.0
2025-12-05,162.57,162.57,160.18,161.46,5087299.0
2025-12-08,161.38,161.93,157.31,157.71,8788463.0
2025-12-09,157.55,158.35,155.87,156.27,5841482.0
2025-12-10,155.71,158.43,155.08,157.07,5211163.0
2025-12-11,157.31,158.27,155.16,155.24,4684241.0
2025-12-12,155.64,157.47,154.6,157.47,10234533.0
2025-12-15,157.07,159.22,156.35,158.03,6103091.0
2025-12-16,157.63,159.3,157.07,158.43,5248116.0
2025-12-17,158.35,159.06,156.51,157.95,5430785.0
2025-12-18,157.71,159.46,156.67,157.71,5295143.0
2025-12-19,157.63,159.46,156.75,158.11,5814924.0
2025-12-22,158.35,158.59,154.92,155.08,9629199.0
2025-12-23,155.08,155.79,153.96,154.2,4606495.0
2025-12-24,154.28,154.92,152.92,154.36,5331230.0
2025-12-25,154.68,157.07,154.28,155.48,4654100.0
2025-12-26,155.48,156.03,154.6,155.48,4945680.0
2025-12-29,155.48,155.95,154.36,155.48,4719098.0
2025-12-30,155.48,156.03,153.4,153.64,6264596.0
2025-12-31,153.56,155.24,152.92,154.28,5135766.0
2026-01-05,154.28,155.95,153.0,153.8,10218772.0
2026-01-06,153.88,154.28,152.29,153.48,14671261.0
2026-01-07,153.48,154.6,152.76,153.0,8377689.0
2026-01-08,152.53,156.99,151.89,156.43,14805345.0
2026-01-09,155.95,157.07,155.32,156.59,7413300.0
2026-01-12,156.59,158.59,156.03,158.35,8042163.0
2026-01-13,159.54,160.58,157.23,157.71,7183084.0
2026-01-14,157.23,158.27,154.52,155.48,10308956.0
2026-01-15,154.92,156.75,154.52,154.76,5501724.0
2026-01-16,155.64,155.64,153.0,153.64,8707384.0
2026-01-19,153.0,157.47,152.92,156.43,8438540.0
2026-01-20,156.43,159.7,155.71,158.9,10410082.0
2026-01-21,157.71,159.54,156.99,159.06,6713166.0
2026-01-22,159.46,162.17,158.27,161.69,9453486.0
2026-01-23,162.01,163.29,160.98,161.69,6421127.0
2026-01-26,161.69,163.05,160.34,161.46,7138217.0
2026-01-27,161.3,162.01,158.43,160.34,6918755.0
2026-01-28,161.06,161.61,158.9,160.18,6076852.0
2026-01-29,159.78,173.02,158.98,171.5,22944769.0
2026-01-30,169.67,171.5,167.04,167.36,14470072.0
2026-02-02,166.48,166.56,161.46,161.85,10719253.0
2026-02-03,162.81,165.52,161.93,165.2,10911427.0
2026-02-04,163.29,173.02,163.29,172.06,13173127.0
2026-02-05,171.9,179.39,170.47,175.41,17797976.0
2026-02-06,173.42,174.45,170.78,173.02,12609350.0
2026-02-09,174.45,174.61,170.31,173.1,8678309.0
2026-02-10,172.94,172.94,170.07,171.42,5385600.0
2026-02-11,171.5,172.54,169.43,170.07,5109191.0
2026-02-12,169.99,170.78,167.91,169.51,6378176.0
2026-02-13,169.91,171.1,167.99,168.55,4070980.0
2026-02-24,170.23,171.9,168.23,170.31,4743113.0
2026-02-25,170.31,173.34,169.67,170.47,5716640.0
2026-02-26,170.62,171.98,167.44,168.23,5469786.0
2026-02-27,167.59,169.19,166.88,167.36,3957500.0
2026-03-02,166.0,168.15,163.61,164.01,6662708.0
2026-03-03,164.09,165.76,162.01,163.05,6643641.0
2026-03-04,161.93,162.81,158.74,161.06,8074700.0
2026-03-05,162.01,162.57,157.55,159.54,9590680.0
2026-03-06,158.66,164.64,158.27,162.97,6297316.0
2026-03-09,162.49,162.97,160.66,162.01,4452943.0
2026-03-10,162.65,165.04,162.17,164.41,4871353.0
2026-03-11,164.25,165.36,163.93,164.41,3770147.0
2026-03-12,164.88,166.32,162.65,164.57,4208943.0
2026-03-13,164.01,167.44,163.29,166.0,5486759.0
2026-03-16,165.12,166.8,162.09,166.8,8121100.0
2026-03-17,166.48,168.87,165.44,165.84,4556200.0
2026-03-18,166.64,167.12,164.57,166.08,3131400.0
2026-03-19,164.49,166.0,163.93,164.01,3200292.0
2026-03-20,163.93,167.12,163.05,163.13,4078966.0
2026-03-23,161.85,162.65,156.27,158.27,6955663.0
2026-03-24,159.22,162.89,158.03,161.38,4611124.0
2026-03-25,161.46,162.33,159.54,160.82,5367700.0
2026-03-26,160.66,161.46,158.27,158.43,3934801.0
2026-03-27,157.95,160.26,157.15,159.94,3009020.0
2026-03-30,158.98,163.45,158.27,163.45,6635499.0
2026-03-31,163.45,170.86,163.37,168.39,9986128.0
2026-04-01,169.59,170.23,165.2,166.64,6248900.0
2026-04-02,166.48,166.64,164.25,166.32,4230431.0
2026-04-03,166.32,167.2,164.01,166.48,4033050.0
2026-04-07,166.48,167.36,163.21,163.61,4968700.0
2026-04-08,165.2,166.88,163.69,166.8,7064900.0
2026-04-09,165.2,166.16,160.74,161.14,5899491.0
2026-04-10,161.3,162.33,159.54,161.06,5718241.0
2026-04-13,160.9,161.14,159.3,159.7,3158914.0
2026-04-14,160.9,161.06,157.87,158.9,4883970.0
2026-04-15,159.62,161.46,158.11,160.74,5129366.0
2026-04-16,160.74,162.41,159.06,160.42,3800900.0
2026-04-17,160.34,160.34,158.74,159.38,3526073.0
2026-04-20,159.38,160.18,154.84,155.08,8041968.0
2026-04-21,155.16,155.87,152.29,155.71,6426998.0
2026-04-22,155.16,155.71,153.72,155.32,3237100.0
2026-04-23,155.08,155.87,153.48,154.52,3790786.0
2026-04-24,153.64,153.88,150.77,151.49,6120630.0
2026-04-27,151.49,152.21,149.26,151.17,6854435.0
2026-04-28,150.37,150.45,147.34,148.3,7825973.0
2026-04-29,145.27,148.38,142.4,146.86,13076228.0
2026-04-30,146.86,147.1,142.48,142.96,14916248.0
2026-05-06,143.04,149.1,143.04,148.3,13691923.0
2026-05-07,149.02,149.42,147.26,147.58,6829573.0
2026-05-08,147.5,148.62,146.23,146.71,6867034.0
2026-05-11,146.71,149.02,144.39,148.14,7288501.0
